2.52434
2.85425
3.04792
3.1846
3.28981
3.37503
3.44642
3.50769
3.56122
3.60864
3.65114
3.68956
3.72458
3.75669
3.7863
3.81375
3.83929
3.86315
3.88551
3.90654
3.92635
3.94508
3.96282
3.97965
3.99565
4.0109
4.02544
4.03933
4.05262
4.06536
4.07757
4.0893
4.10057
4.11142
4.12187
4.13195
4.14166
4.15105
4.16012
4.16889
4.17738
4.1856
4.19356
4.20129
4.20878
4.21606
4.22312
4.22999
4.23666
4.24315
4.24947
4.25562
4.26161
4.26745
4.27314
4.27869
4.2841
4.28938
4.29454
4.29958
4.30449
4.3093
4.314
4.31859
4.32308
4.32748
4.33178
4.33599
4.34011
4.34415
4.3481
4.35198
4.35577
4.3595
4.36315
4.36672
4.37023
4.37368
4.37706
4.38038
4.38363
4.38683
4.38997
4.39305
4.39608
4.39906
4.40199
4.40486
4.40769
4.41047
4.4132
4.41589
4.41854
4.42114
4.4237
4.42622
4.4287
4.43114
4.43354
4.43591
4.43824
4.44053
4.44279
4.44502
4.44721
4.44937
4.4515
4.4536
4.45567
4.45771
4.45973
4.46171
4.46366
4.46559
4.4675
4.46937
4.47122
4.47305
4.47485
4.47663
4.47839
4.48012
4.48183
4.48352
4.48518
4.48683
4.48845
4.49006
4.49164
4.49321
4.49475
4.49628
4.49779
4.49928
4.50075
4.50221
4.50365
4.50507
4.50647
4.50786
4.50923
4.51059
4.51193
4.51326
4.51457
4.51586
4.51715
4.51841
4.51967
4.52091
4.52214
4.52335
4.52455
4.52574
4.52691
4.52808
4.52923
4.53036
4.53149
4.53261
4.53371
4.5348
4.53588
4.53695
4.53801
4.53906
4.5401
4.54113
4.54215
4.54316
4.54415
4.54514
4.54612
4.54709
4.54805
4.549
4.54994
4.55088
4.5518
4.55272
4.55363
4.55452
4.55542
4.5563
4.55717
4.55804
4.5589
4.55975
4.56059
4.56143
4.56226
4.56308
4.56389
4.5647
4.5655
4.56629
4.56708
4.56786
4.56863
4.5694
4.57016
4.57091
4.57166
4.5724
4.57313
4.57386
4.57458
4.5753
4.57601
4.57671
4.57741
4.5781
4.57879
4.57947
4.58015
4.58082
4.58149
4.58215
4.58281
4.58346
4.5841
4.58474
4.58538
4.58601
4.58663
4.58725
4.58787
4.58848
4.58909
4.58969
4.59029
4.59088
4.59147
4.59206
4.59264
4.59321
4.59378
4.59435
4.59491
4.59547
4.59603
4.59658
4.59713
4.59767
4.59821
4.59875
4.59928
4.59981
4.60033
4.60085
4.60137
4.60188
4.60239
4.6029
4.6034
4.6039
4.6044
4.60489
4.60538
4.60587
4.60635
4.60683
4.6073
4.60778
4.60825
4.60871
4.60918
4.60964
4.6101
4.61055
4.611
4.61145
4.6119
4.61234
4.61278
4.61322
4.61365
4.61409
4.61452
4.61494
4.61537
4.61579
4.61621
4.61662
4.61703
4.61745
4.61785
4.61826
4.61866
4.61906
4.61946
4.61986
4.62025
4.62064
4.62103
4.62142
4.6218
4.62218
4.62256
4.62294
4.62331
4.62369
4.62406
4.62443
4.62479
4.62516
4.62552
4.62588
4.62624
4.62659
4.62695
4.6273
4.62765
4.62799
4.62834
4.62868
4.62903
4.62937
4.6297
4.63004
4.63037
4.63071
4.63104
4.63136
4.63169
4.63202
4.63234
4.63266
4.63298
4.6333
4.63362
4.63393
4.63424
4.63455
4.63486
4.63517
4.63548
4.63578
4.63608
4.63639
4.63669
4.63698
4.63728
4.63758
4.63787
4.63816
4.63845
4.63874
4.63903
4.63931
4.6396
4.63988
4.64016
4.64044
4.64072
4.641
4.64127
4.64155
4.64182
4.64209
4.64236
4.64263
4.6429
4.64317
4.64343
4.64369
4.64396
4.64422
4.64448
4.64474
4.64499
4.64525
4.6455
4.64576
4.64601
4.64626
4.64651
4.64676
4.64701
4.64725
4.6475
4.64774
4.64798
4.64823
4.64847
4.64871
4.64894
4.64918
4.64942
4.64965
4.64989
4.65012
4.65035
4.65058
4.65081
4.65104
4.65126
4.65149
4.65172
4.65194
4.65216
4.65239
4.65261
4.65283
4.65305
4.65326
4.65348
4.6537
4.65391
4.65413
4.65434
4.65455
4.65476
4.65497
4.65518
4.65539
4.6556
4.65581
4.65601
4.65622
4.65642
4.65663
4.65683
4.65703
4.65723
4.65743
4.65763
4.65783
4.65802
4.65822
4.65842
4.65861
4.6588
4.659
4.65919
4.65938
4.65957
4.65976
4.65995
4.66014
4.66033
4.66051
4.6607
4.66088
4.66107
4.66125
4.66143
4.66162
4.6618
4.66198
4.66216
4.66234
4.66251
4.66269
4.66287
4.66304
4.66322
4.6634
4.66357
4.66374
4.66392
4.66409
4.66426
4.66443
4.6646
4.66477
4.66494
4.6651
4.66527
4.66544
4.6656
4.66577
4.66593
4.6661
4.66626
4.66642
4.66659
4.66675
4.66691
4.66707
4.66723
4.66739
4.66755
4.6677
4.66786
4.66802
4.66817
4.66833
4.66848
4.66864
4.66879
4.66894
4.6691
4.66925
4.6694
4.66955
4.6697
4.66985
4.67
4.67015
4.6703
4.67044
4.67059
4.67074
4.67088
4.67103
4.67117
4.67132
4.67146
4.6716
4.67174
4.67189
4.67203
4.67217
4.67231
4.67245
4.67259
4.67273
4.67287
4.67301
4.67314
4.67328
4.67342
4.67355
4.67369
4.67382
4.67396
4.67409
4.67423
4.67436
4.67449
4.67462
4.67476
4.67489
4.67502
4.67515
4.67528
4.67541
4.67554
4.67567
4.67579
4.67592
4.67605
4.67618
4.6763
4.67643
4.67655
4.67668
4.6768
4.67693
4.67705
4.67717
4.6773
4.67742
4.67754
4.67766
4.67779
4.67791
4.67803
4.67815
4.67827
4.67839
4.67851
4.67862
4.67874
4.67886
4.67898
4.67909
4.67921
4.67933
4.67944
4.67956
4.67967
4.67979
4.6799
4.68002
4.68013
4.68024
4.68036
4.68047
4.68058
4.68069
4.6808
4.68092
4.68103
4.68114
4.68125
4.68136
4.68147
4.68157
4.68168
4.68179
4.6819
4.68201
4.68211
4.68222
4.68233
4.68243
4.68254
4.68265
4.68275
4.68286
4.68296
4.68306
4.68317
4.68327
4.68338
4.68348
4.68358
4.68368
4.68379
4.68389
4.68399
4.68409
4.68419
4.68429
4.68439
4.68449
4.68459
4.68469
4.68479
4.68489
4.68499
4.68508
4.68518
4.68528
4.68538
4.68547
4.68557
4.68567
4.68576
4.68586
4.68595
4.68605
4.68614
4.68624
4.68633
4.68643
4.68652
4.68661
4.68671
4.6868
4.68689
4.68698
4.68708
4.68717
4.68726
4.68735
4.68744
4.68753
4.68762
4.68771
4.6878
4.68789
4.68798
4.68807
4.68816
4.68825
4.68834
4.68843
4.68851
4.6886
4.68869
4.68878
4.68886
4.68895
4.68904
4.68912
4.68921
4.68929
4.68938
4.68946
4.68955
4.68963
4.68972
4.6898
4.68989
4.68997
4.69005
4.69014
4.69022
4.6903
4.69039
4.69047
4.69055
4.69063
4.69072
4.6908
4.69088
4.69096
4.69104
4.69112
4.6912
4.69128
4.69136
4.69144
4.69152
4.6916
4.69168
4.69176
4.69184
4.69191
4.69199
4.69207
4.69215
4.69223
4.6923
4.69238
4.69246
4.69254
4.69261
4.69269
4.69276
4.69284
4.69292
4.69299
4.69307
4.69314
4.69322
4.69329
4.69337
4.69344
4.69352
4.69359
4.69366
4.69374
4.69381
4.69388
4.69396
4.69403
4.6941
4.69417
4.69425
4.69432
4.69439
4.69446
4.69453
4.6946
4.69468
4.69475
4.69482
4.69489
4.69496
4.69503
4.6951
4.69517
4.69524
4.69531
4.69538
4.69545
4.69552
4.69558
4.69565
4.69572
4.69579
4.69586
4.69593
4.69599
4.69606
4.69613
4.6962
4.69626
4.69633
4.6964
4.69646
4.69653
4.6966
4.69666
4.69673
4.6968
4.69686
4.69693
4.69699
4.69706
4.69712
4.69719
4.69725
4.69732
4.69738
4.69744
4.69751
4.69757
4.69764
4.6977
4.69776
4.69783
4.69789
4.69795
4.69802
4.69808
4.69814
4.6982
4.69827
4.69833
4.69839
4.69845
4.69851
4.69857
4.69864
4.6987
4.69876
4.69882
4.69888
4.69894
4.699
4.69906
4.69912
4.69918
4.69924
4.6993
4.69936
4.69942
4.69948
4.69954
4.6996
4.69966
4.69971
4.69977
4.69983
4.69989
4.69995
4.70001
4.70006
4.70012
4.70018
4.70024
4.7003
4.70035
4.70041
4.70047
4.70052
4.70058
4.70064
4.70069
4.70075
4.70081
4.70086
4.70092
4.70097
4.70103
4.70109
4.70114
4.7012
4.70125
4.70131
4.70136
4.70142
4.70147
4.70153
4.70158
4.70163
4.70169
4.70174
4.7018
4.70185
4.7019
4.70196
4.70201
4.70207
4.70212
4.70217
4.70222
4.70228
4.70233
4.70238
4.70244
4.70249
4.70254
4.70259
4.70264
4.7027
4.70275
4.7028
4.70285
4.7029
4.70296
4.70301
4.70306
4.70311
4.70316
4.70321
4.70326
4.70331
4.70336
4.70341
4.70346
4.70351
4.70356
4.70361
4.70366
4.70371
4.70376
4.70381
4.70386
4.70391
4.70396
4.70401
4.70406
4.70411
4.70416
4.70421
4.70425
4.7043
4.70435
4.7044
4.70445
4.7045
4.70454
4.70459
4.70464
4.70469
4.70473
4.70478
4.70483
4.70488
4.70492
4.70497
4.70502
4.70507
4.70511
4.70516
4.70521
4.70525
4.7053
4.70534
4.70539
4.70544
4.70548
4.70553
4.70557
4.70562
4.70567
4.70571
4.70576
4.7058
4.70585
4.70589
4.70594
4.70598
4.70603
4.70607
4.70612
4.70616
4.70621
4.70625
4.7063
4.70634
4.70638
4.70643
4.70647
4.70652
4.70656
4.7066
4.70665
4.70669
4.70673
4.70678
4.70682
4.70686
4.70691
4.70695
4.70699
4.70704
4.70708
4.70712
4.70716
4.70721
4.70725
4.70729
4.70733
4.70738
4.70742
4.70746
4.7075
4.70754
4.70759
4.70763
4.70767
4.70771
4.70775
4.70779
4.70784
4.70788
4.70792
4.70796
4.708
4.70804
4.70808
4.70812
4.70816
4.7082
4.70824
4.70828
4.70833
4.70837
4.70841
4.70845
4.70849
4.70853
4.70857
