3.97963
4.03953
4.05627
4.06351
4.06739
4.06976
4.07133
4.07244
4.07326
4.07388
4.07438
4.07478
4.0751
4.07538
4.07561
4.07581
4.07598
4.07613
4.07626
4.07638
4.07648
4.07657
4.07666
4.07674
4.07681
4.07687
4.07693
4.07698
4.07703
4.07708
4.07712
4.07716
4.0772
4.07723
4.07727
4.0773
4.07733
4.07735
4.07738
4.0774
4.07743
4.07745
4.07747
4.07749
4.07751
4.07753
4.07754
4.07756
4.07758
4.07759
4.07761
4.07762
4.07763
4.07765
4.07766
4.07767
4.07768
4.07769
4.0777
4.07771
4.07772
4.07773
4.07774
4.07775
4.07776
4.07777
4.07777
4.07778
4.07779
4.0778
4.0778
4.07781
4.07782
4.07782
4.07783
4.07784
4.07784
4.07785
4.07785
4.07786
4.07787
4.07787
4.07788
4.07788
4.07789
4.07789
4.0779
4.0779
4.0779
4.07791
4.07791
4.07792
4.07792
4.07792
4.07793
4.07793
4.07794
4.07794
4.07794
4.07795
4.07795
4.07795
4.07796
4.07796
4.07796
4.07797
4.07797
4.07797
4.07797
4.07798
4.07798
4.07798
4.07799
4.07799
4.07799
4.07799
4.078
4.078
4.078
4.078
4.07801
4.07801
4.07801
4.07801
4.07801
4.07802
4.07802
4.07802
4.07802
4.07802
4.07803
4.07803
4.07803
4.07803
4.07803
4.07804
4.07804
4.07804
4.07804
4.07804
4.07804
4.07805
4.07805
4.07805
4.07805
4.07805
4.07805
4.07806
4.07806
4.07806
4.07806
4.07806
4.07806
4.07806
4.07807
4.07807
4.07807
4.07807
4.07807
4.07807
4.07807
4.07808
4.07808
4.07808
4.07808
4.07808
4.07808
4.07808
4.07808
4.07808
4.07809
4.07809
4.07809
4.07809
4.07809
4.07809
4.07809
4.07809
4.07809
4.0781
4.0781
4.0781
4.0781
4.0781
4.0781
4.0781
4.0781
4.0781
4.0781
4.07811
4.07811
4.07811
4.07811
4.07811
4.07811
4.07811
4.07811
4.07811
4.07811
4.07811
4.07811
4.07812
4.07812
4.07812
4.07812
4.07812
4.07812
4.07812
4.07812
4.07812
4.07812
4.07812
4.07812
4.07812
4.07813
4.07813
4.07813
4.07813
4.07813
4.07813
4.07813
4.07813
4.07813
4.07813
4.07813
4.07813
4.07813
4.07813
4.07813
4.07814
4.07814
4.07814
4.07814
4.07814
4.07814
4.07814
4.07814
4.07814
4.07814
4.07814
4.07814
4.07814
4.07814
4.07814
4.07814
4.07814
4.07815
4.07815
4.07815
4.07815
4.07815
4.07815
4.07815
4.07815
4.07815
4.07815
4.07815
4.07815
4.07815
4.07815
4.07815
4.07815
4.07815
4.07815
4.07815
4.07815
4.07815
4.07816
4.07816
4.07816
4.07816
4.07816
4.07816
4.07816
4.07816
4.07816
4.07816
4.07816
4.07816
4.07816
4.07816
4.07816
4.07816
4.07816
4.07816
4.07816
4.07816
4.07816
4.07816
4.07816
4.07816
4.07817
4.07817
4.07817
4.07817
4.07817
4.07817
4.07817
4.07817
4.07817
4.07817
4.07817
4.07817
4.07817
4.07817
4.07817
4.07817
4.07817
4.07817
4.07817
4.07817
4.07817
4.07817
4.07817
4.07817
4.07817
4.07817
4.07817
4.07817
4.07818
4.07818
4.07818
4.07818
4.07818
4.07818
4.07818
4.07818
4.07818
4.07818
4.07818
4.07818
4.07818
4.07818
4.07818
4.07818
4.07818
4.07818
4.07818
4.07818
4.07818
4.07818
4.07818
4.07818
4.07818
4.07818
4.07818
4.07818
4.07818
4.07818
4.07818
4.07818
4.07818
4.07818
4.07818
4.07818
4.07819
4.07819
4.07819
4.07819
4.07819
4.07819
4.07819
4.07819
4.07819
4.07819
4.07819
4.07819
4.07819
4.07819
4.07819
4.07819
4.07819
4.07819
4.07819
4.07819
4.07819
4.07819
4.07819
4.07819
4.07819
4.07819
4.07819
4.07819
4.07819
4.07819
4.07819
4.07819
4.07819
4.07819
4.07819
4.07819
4.07819
4.07819
4.07819
4.07819
4.07819
4.07819
4.07819
4.0782
4.0782
4.0782
4.0782
4.0782
4.0782
4.0782
4.0782
4.0782
4.0782
4.0782
4.0782
4.0782
4.0782
4.0782
4.0782
4.0782
4.0782
4.0782
4.0782
4.0782
4.0782
4.0782
4.0782
4.0782
4.0782
4.0782
4.0782
4.0782
4.0782
4.0782
4.0782
4.0782
4.0782
4.0782
4.0782
4.0782
4.0782
4.0782
4.0782
4.0782
4.0782
4.0782
4.0782
4.0782
4.0782
4.0782
4.0782
4.0782
4.0782
4.0782
4.0782
4.0782
4.0782
4.0782
4.0782
4.0782
4.07821
4.07821
4.07821
4.07821
4.07821
4.07821
4.07821
4.07821
4.07821
4.07821
4.07821
4.07821
4.07821
4.07821
4.07821
4.07821
4.07821
4.07821
4.07821
4.07821
4.07821
4.07821
4.07821
4.07821
4.07821
4.07821
4.07821
4.07821
4.07821
4.07821
4.07821
4.07821
4.07821
4.07821
4.07821
4.07821
4.07821
4.07821
4.07821
4.07821
4.07821
4.07821
4.07821
4.07821
4.07821
4.07821
4.07821
4.07821
4.07821
4.07821
4.07821
4.07821
4.07821
4.07821
4.07821
4.07821
4.07821
4.07821
4.07821
4.07821
4.07821
4.07821
4.07821
4.07821
4.07821
4.07821
4.07821
4.07821
4.07821
4.07821
4.07821
4.07821
4.07821
4.07821
4.07821
4.07822
4.07822
4.07822
4.07822
4.07822
4.07822
4.07822
4.07822
4.07822
4.07822
4.07822
4.07822
4.07822
4.07822
4.07822
4.07822
4.07822
4.07822
4.07822
4.07822
4.07822
4.07822
4.07822
4.07822
4.07822
4.07822
4.07822
4.07822
4.07822
4.07822
4.07822
4.07822
4.07822
4.07822
4.07822
4.07822
4.07822
4.07822
4.07822
4.07822
4.07822
4.07822
4.07822
4.07822
4.07822
4.07822
4.07822
4.07822
4.07822
4.07822
4.07822
4.07822
4.07822
4.07822
4.07822
4.07822
4.07822
4.07822
4.07822
4.07822
4.07822
4.07822
4.07822
4.07822
4.07822
4.07822
4.07822
4.07822
4.07822
4.07822
4.07822
4.07822
4.07822
4.07822
4.07822
4.07822
4.07822
4.07822
4.07822
4.07822
4.07822
4.07822
4.07822
4.07822
4.07822
4.07822
4.07822
4.07822
4.07822
4.07822
4.07822
4.07822
4.07822
4.07822
4.07822
4.07822
4.07822
4.07822
4.07822
4.07822
4.07822
4.07822
4.07822
4.07822
4.07822
4.07822
4.07823
4.07823
4.07823
4.07823
4.07823
4.07823
4.07823
4.07823
4.07823
4.07823
4.07823
4.07823
4.07823
4.07823
4.07823
4.07823
4.07823
4.07823
4.07823
4.07823
4.07823
4.07823
4.07823
4.07823
4.07823
4.07823
4.07823
4.07823
4.07823
4.07823
4.07823
4.07823
4.07823
4.07823
4.07823
4.07823
4.07823
4.07823
4.07823
4.07823
4.07823
4.07823
4.07823
4.07823
4.07823
4.07823
4.07823
4.07823
4.07823
4.07823
4.07823
4.07823
4.07823
4.07823
4.07823
4.07823
4.07823
4.07823
4.07823
4.07823
4.07823
4.07823
4.07823
4.07823
4.07823
4.07823
4.07823
4.07823
4.07823
4.07823
4.07823
4.07823
4.07823
4.07823
4.07823
4.07823
4.07823
4.07823
4.07823
4.07823
4.07823
4.07823
4.07823
4.07823
4.07823
4.07823
4.07823
4.07823
4.07823
4.07823
4.07823
4.07823
4.07823
4.07823
4.07823
4.07823
4.07823
4.07823
4.07823
4.07823
4.07823
4.07823
4.07823
4.07823
4.07823
4.07823
4.07823
4.07823
4.07823
4.07823
4.07823
4.07823
4.07823
4.07823
4.07823
4.07823
4.07823
4.07823
4.07823
4.07823
4.07823
4.07823
4.07823
4.07823
4.07823
4.07823
4.07823
4.07823
4.07823
4.07823
4.07823
4.07823
4.07823
4.07823
4.07823
4.07823
4.07823
4.07823
4.07823
4.07823
4.07823
4.07823
4.07823
4.07823
4.07823
4.07823
4.07823
4.07823
4.07823
4.07823
4.07823
4.07823
4.07823
4.07823
4.07823
4.07823
4.07823
4.07823
4.07823
4.07824
4.07824
4.07824
4.07824
4.07824
4.07824
4.07824
4.07824
4.07824
4.07824
4.07824
4.07824
4.07824
4.07824
4.07824
4.07824
4.07824
4.07824
4.07824
4.07824
4.07824
4.07824
4.07824
4.07824
4.07824
4.07824
4.07824
4.07824
4.07824
4.07824
4.07824
4.07824
4.07824
4.07824
4.07824
4.07824
4.07824
4.07824
4.07824
4.07824
4.07824
4.07824
4.07824
4.07824
4.07824
4.07824
4.07824
4.07824
4.07824
4.07824
4.07824
4.07824
4.07824
4.07824
4.07824
4.07824
4.07824
4.07824
4.07824
4.07824
4.07824
4.07824
4.07824
4.07824
4.07824
4.07824
4.07824
4.07824
4.07824
4.07824
4.07824
4.07824
4.07824
4.07824
4.07824
4.07824
4.07824
4.07824
4.07824
4.07824
4.07824
4.07824
4.07824
4.07824
4.07824
4.07824
4.07824
4.07824
4.07824
4.07824
4.07824
4.07824
4.07824
4.07824
4.07824
4.07824
4.07824
4.07824
4.07824
4.07824
4.07824
4.07824
4.07824
4.07824
4.07824
4.07824
4.07824
4.07824
4.07824
4.07824
4.07824
4.07824
4.07824
4.07824
4.07824
4.07824
4.07824
4.07824
4.07824
4.07824
4.07824
4.07824
4.07824
4.07824
4.07824
4.07824
4.07824
4.07824
4.07824
4.07824
4.07824
4.07824
4.07824
4.07824
4.07824
4.07824
4.07824
4.07824
4.07824
4.07824
4.07824
4.07824
4.07824
4.07824
4.07824
4.07824
4.07824
4.07824
4.07824
4.07824
4.07824
4.07824
4.07824
4.07824
4.07824
4.07824
4.07824
4.07824
4.07824
4.07824
4.07824
4.07824
4.07824
4.07824
4.07824
4.07824
4.07824
4.07824
4.07824
4.07824
4.07824
4.07824
4.07824
4.07824
4.07824
4.07824
4.07824
4.07824
4.07824
4.07824
4.07824
4.07824
4.07824
4.07824
4.07824
4.07824
4.07824
4.07824
4.07824
4.07824
4.07824
4.07824
4.07824
4.07824
4.07824
4.07824
4.07824
4.07824
4.07824
4.07824
4.07824
4.07824
4.07824
4.07824
4.07824
