2.3844
2.71093
2.90129
3.03472
3.13674
3.21883
3.28716
3.34541
3.39598
3.4405
3.48015
3.51577
3.54803
3.57744
3.6044
3.62924
3.65221
3.67355
3.69344
3.71202
3.72944
3.74581
3.76123
3.77578
3.78954
3.80257
3.81494
3.82669
3.83788
3.84854
3.85871
3.86842
3.87771
3.88661
3.89514
3.90331
3.91117
3.91871
3.92597
3.93295
3.93968
3.94616
3.95241
3.95845
3.96427
3.9699
3.97535
3.98061
3.98571
3.99065
3.99543
4.00007
4.00456
4.00892
4.01316
4.01727
4.02126
4.02514
4.02891
4.03258
4.03615
4.03962
4.043
4.0463
4.0495
4.05263
4.05568
4.05865
4.06155
4.06437
4.06713
4.06982
4.07245
4.07502
4.07753
4.07998
4.08237
4.08471
4.087
4.08924
4.09143
4.09357
4.09567
4.09772
4.09973
4.1017
4.10363
4.10551
4.10736
4.10917
4.11095
4.11269
4.1144
4.11607
4.11771
4.11932
4.1209
4.12245
4.12397
4.12547
4.12693
4.12837
4.12979
4.13117
4.13254
4.13388
4.13519
4.13649
4.13776
4.139
4.14023
4.14144
4.14263
4.14379
4.14494
4.14607
4.14718
4.14827
4.14935
4.15041
4.15145
4.15247
4.15348
4.15447
4.15545
4.15641
4.15736
4.15829
4.15921
4.16012
4.16101
4.16189
4.16276
4.16361
4.16445
4.16528
4.1661
4.16691
4.1677
4.16848
4.16925
4.17002
4.17077
4.17151
4.17224
4.17296
4.17367
4.17437
4.17506
4.17575
4.17642
4.17708
4.17774
4.17839
4.17903
4.17966
4.18028
4.1809
4.1815
4.1821
4.1827
4.18328
4.18386
4.18443
4.18499
4.18555
4.1861
4.18664
4.18718
4.18771
4.18823
4.18875
4.18926
4.18977
4.19027
4.19076
4.19125
4.19173
4.19221
4.19268
4.19315
4.19361
4.19407
4.19452
4.19496
4.19541
4.19584
4.19627
4.1967
4.19712
4.19754
4.19795
4.19836
4.19876
4.19916
4.19956
4.19995
4.20034
4.20072
4.2011
4.20148
4.20185
4.20222
4.20258
4.20294
4.2033
4.20365
4.204
4.20435
4.20469
4.20503
4.20536
4.2057
4.20603
4.20635
4.20668
4.207
4.20731
4.20763
4.20794
4.20825
4.20855
4.20885
4.20915
4.20945
4.20974
4.21003
4.21032
4.21061
4.21089
4.21117
4.21145
4.21172
4.21199
4.21227
4.21253
4.2128
4.21306
4.21332
4.21358
4.21384
4.21409
4.21434
4.21459
4.21484
4.21509
4.21533
4.21557
4.21581
4.21605
4.21628
4.21651
4.21674
4.21697
4.2172
4.21743
4.21765
4.21787
4.21809
4.21831
4.21853
4.21874
4.21895
4.21916
4.21937
4.21958
4.21979
4.21999
4.22019
4.22039
4.22059
4.22079
4.22099
4.22118
4.22137
4.22157
4.22176
4.22195
4.22213
4.22232
4.2225
4.22269
4.22287
4.22305
4.22323
4.2234
4.22358
4.22376
4.22393
4.2241
4.22427
4.22444
4.22461
4.22478
4.22494
4.22511
4.22527
4.22543
4.2256
4.22576
4.22592
4.22607
4.22623
4.22639
4.22654
4.22669
4.22685
4.227
4.22715
4.2273
4.22744
4.22759
4.22774
4.22788
4.22803
4.22817
4.22831
4.22845
4.22859
4.22873
4.22887
4.22901
4.22914
4.22928
4.22941
4.22955
4.22968
4.22981
4.22994
4.23007
4.2302
4.23033
4.23046
4.23059
4.23071
4.23084
4.23096
4.23108
4.23121
4.23133
4.23145
4.23157
4.23169
4.23181
4.23193
4.23204
4.23216
4.23228
4.23239
4.23251
4.23262
4.23273
4.23285
4.23296
4.23307
4.23318
4.23329
4.2334
4.23351
4.23361
4.23372
4.23383
4.23393
4.23404
4.23414
4.23425
4.23435
4.23445
4.23455
4.23465
4.23475
4.23486
4.23495
4.23505
4.23515
4.23525
4.23535
4.23544
4.23554
4.23564
4.23573
4.23583
4.23592
4.23601
4.23611
4.2362
4.23629
4.23638
4.23647
4.23656
4.23665
4.23674
4.23683
4.23692
4.23701
4.23709
4.23718
4.23727
4.23735
4.23744
4.23752
4.23761
4.23769
4.23777
4.23786
4.23794
4.23802
4.2381
4.23819
4.23827
4.23835
4.23843
4.23851
4.23859
4.23866
4.23874
4.23882
4.2389
4.23898
4.23905
4.23913
4.2392
4.23928
4.23935
4.23943
4.2395
4.23958
4.23965
4.23972
4.2398
4.23987
4.23994
4.24001
4.24008
4.24016
4.24023
4.2403
4.24037
4.24044
4.24051
4.24057
4.24064
4.24071
4.24078
4.24085
4.24091
4.24098
4.24105
4.24111
4.24118
4.24124
4.24131
4.24137
4.24144
4.2415
4.24157
4.24163
4.24169
4.24176
4.24182
4.24188
4.24194
4.24201
4.24207
4.24213
4.24219
4.24225
4.24231
4.24237
4.24243
4.24249
4.24255
4.24261
4.24267
4.24273
4.24278
4.24284
4.2429
4.24296
4.24301
4.24307
4.24313
4.24318
4.24324
4.2433
4.24335
4.24341
4.24346
4.24352
4.24357
4.24363
4.24368
4.24373
4.24379
4.24384
4.24389
4.24395
4.244
4.24405
4.2441
4.24416
4.24421
4.24426
4.24431
4.24436
4.24441
4.24446
4.24451
4.24456
4.24461
4.24466
4.24471
4.24476
4.24481
4.24486
4.24491
4.24496
4.24501
4.24505
4.2451
4.24515
4.2452
4.24524
4.24529
4.24534
4.24538
4.24543
4.24548
4.24552
4.24557
4.24561
4.24566
4.24571
4.24575
4.2458
4.24584
4.24588
4.24593
4.24597
4.24602
4.24606
4.2461
4.24615
4.24619
4.24623
4.24628
4.24632
4.24636
4.24641
4.24645
4.24649
4.24653
4.24657
4.24661
4.24666
4.2467
4.24674
4.24678
4.24682
4.24686
4.2469
4.24694
4.24698
4.24702
4.24706
4.2471
4.24714
4.24718
4.24722
4.24726
4.2473
4.24734
4.24737
4.24741
4.24745
4.24749
4.24753
4.24756
4.2476
4.24764
4.24768
4.24771
4.24775
4.24779
4.24783
4.24786
4.2479
4.24794
4.24797
4.24801
4.24804
4.24808
4.24812
4.24815
4.24819
4.24822
4.24826
4.24829
4.24833
4.24836
4.2484
4.24843
4.24847
4.2485
4.24853
4.24857
4.2486
4.24864
4.24867
4.2487
4.24874
4.24877
4.2488
4.24884
4.24887
4.2489
4.24894
4.24897
4.249
4.24903
4.24907
4.2491
4.24913
4.24916
4.24919
4.24923
4.24926
4.24929
4.24932
4.24935
4.24938
4.24941
4.24944
4.24948
4.24951
4.24954
4.24957
4.2496
4.24963
4.24966
4.24969
4.24972
4.24975
4.24978
4.24981
4.24984
4.24987
4.2499
4.24993
4.24995
4.24998
4.25001
4.25004
4.25007
4.2501
4.25013
4.25016
4.25018
4.25021
4.25024
4.25027
4.2503
4.25032
4.25035
4.25038
4.25041
4.25044
4.25046
4.25049
4.25052
4.25055
4.25057
4.2506
4.25063
4.25065
4.25068
4.25071
4.25073
4.25076
4.25079
4.25081
4.25084
4.25086
4.25089
4.25092
4.25094
4.25097
4.25099
4.25102
4.25105
4.25107
4.2511
4.25112
4.25115
4.25117
4.2512
4.25122
4.25125
4.25127
4.2513
4.25132
4.25135
4.25137
4.25139
4.25142
4.25144
4.25147
4.25149
4.25152
4.25154
4.25156
4.25159
4.25161
4.25164
4.25166
4.25168
4.25171
4.25173
4.25175
4.25178
4.2518
4.25182
4.25185
4.25187
4.25189
4.25191
4.25194
4.25196
4.25198
4.252
4.25203
4.25205
4.25207
4.25209
4.25212
4.25214
4.25216
4.25218
4.25221
4.25223
4.25225
4.25227
4.25229
4.25231
4.25234
4.25236
4.25238
4.2524
4.25242
4.25244
4.25246
4.25248
4.25251
4.25253
4.25255
4.25257
4.25259
4.25261
4.25263
4.25265
4.25267
4.25269
4.25271
4.25273
4.25275
4.25277
4.25279
4.25281
4.25283
4.25285
4.25287
4.25289
4.25291
4.25293
4.25295
4.25297
4.25299
4.25301
4.25303
4.25305
4.25307
4.25309
4.25311
4.25313
4.25315
4.25317
4.25319
4.25321
4.25323
4.25324
4.25326
4.25328
4.2533
4.25332
4.25334
4.25336
4.25338
4.25339
4.25341
4.25343
4.25345
4.25347
4.25349
4.2535
4.25352
4.25354
4.25356
4.25358
4.25359
4.25361
4.25363
4.25365
4.25367
4.25368
4.2537
4.25372
4.25374
4.25375
4.25377
4.25379
4.25381
4.25382
4.25384
4.25386
4.25388
4.25389
4.25391
4.25393
4.25394
4.25396
4.25398
4.254
4.25401
4.25403
4.25405
4.25406
4.25408
4.2541
4.25411
4.25413
4.25415
4.25416
4.25418
4.25419
4.25421
4.25423
4.25424
4.25426
4.25428
4.25429
4.25431
4.25432
4.25434
4.25436
4.25437
4.25439
4.2544
4.25442
4.25444
4.25445
4.25447
4.25448
4.2545
4.25451
4.25453
4.25454
4.25456
4.25458
4.25459
4.25461
4.25462
4.25464
4.25465
4.25467
4.25468
4.2547
4.25471
4.25473
4.25474
4.25476
4.25477
4.25479
4.2548
4.25482
4.25483
4.25485
4.25486
4.25488
4.25489
4.2549
4.25492
4.25493
4.25495
4.25496
4.25498
4.25499
4.25501
4.25502
4.25503
4.25505
4.25506
4.25508
4.25509
4.25511
4.25512
4.25513
4.25515
4.25516
4.25518
4.25519
4.2552
4.25522
4.25523
4.25524
4.25526
4.25527
4.25529
4.2553
4.25531
4.25533
4.25534
4.25535
4.25537
4.25538
4.25539
4.25541
4.25542
4.25543
4.25545
4.25546
4.25547
4.25549
4.2555
4.25551
4.25553
4.25554
4.25555
4.25556
4.25558
4.25559
4.2556
4.25562
4.25563
4.25564
4.25565
4.25567
4.25568
4.25569
4.25571
4.25572
4.25573
4.25574
4.25576
4.25577
4.25578
4.25579
4.25581
4.25582
4.25583
4.25584
4.25586
4.25587
4.25588
4.25589
4.2559
4.25592
4.25593
4.25594
4.25595
4.25596
4.25598
4.25599
4.256
4.25601
4.25602
4.25604
4.25605
4.25606
4.25607
4.25608
4.2561
4.25611
4.25612
4.25613
4.25614
4.25615
4.25617
4.25618
4.25619
4.2562
4.25621
4.25622
4.25623
4.25625
4.25626
4.25627
4.25628
4.25629
4.2563
4.25631
