3.11282
4.07224
4.45151
4.59966
4.62515
4.57583
4.47703
4.34376
4.1856
4.00902
3.81861
3.61769
3.40876
3.19373
2.97407
2.75097
2.52536
2.29798
2.06947
1.84032
1.61094
1.38169
1.15285
0.924665
0.697325
0.471004
0.245839
0.0219487
-0.20057
-0.421635
-0.641181
-0.859151
-1.0755
-1.2902
-1.50321
-1.71452
-1.92411
-2.13196
-2.33808
-2.54246
-2.7451
-2.94599
-3.14516
-3.3426
-3.53833
-3.73235
-3.92468
-4.11533
-4.30431
-4.49165
-4.67735
-4.86143
-5.04392
-5.22482
-5.40416
-5.58195
-5.75821
-5.93296
-6.10622
-6.27801
-6.44833
-6.61723
-6.7847
-6.95077
-7.11547
-7.27879
-7.44077
-7.60143
-7.76077
-7.91881
-8.07559
-8.2311
-8.38537
-8.53841
-8.69025
-8.84089
-8.99035
-9.13865
-9.28581
-9.43184
-9.57675
-9.72056
-9.86328
-10.0049
-10.1455
-10.2851
-10.4236
-10.5611
-10.6976
-10.8331
-10.9677
-11.1012
-11.2339
-11.3656
-11.4963
-11.6262
-11.7551
-11.8831
-12.0103
-12.1366
-12.2621
-12.3866
-12.5104
-12.6333
-12.7554
-12.8768
-12.9973
-13.117
-13.2359
-13.3541
-13.4715
-13.5882
-13.7042
-13.8194
-13.9338
-14.0476
-14.1607
-14.273
-14.3847
-14.4957
-14.606
-14.7157
-14.8247
-14.9331
-15.0408
-15.1478
-15.2543
-15.3601
-15.4653
-15.5699
-15.6739
-15.7773
-15.8802
-15.9824
-16.0841
-16.1852
-16.2857
-16.3857
-16.4851
-16.584
-16.6824
-16.7802
-16.8775
-16.9743
-17.0705
-17.1663
-17.2615
-17.3562
-17.4505
-17.5442
-17.6375
-17.7303
-17.8226
-17.9144
-18.0058
-18.0967
-18.1872
-18.2772
-18.3667
-18.4558
-18.5445
-18.6328
-18.7206
-18.8079
-18.8949
-18.9814
-19.0676
-19.1533
-19.2386
-19.3235
-19.408
-19.4921
-19.5758
-19.6592
-19.7421
-19.8247
-19.9069
-19.9887
-20.0701
-20.1512
-20.2319
-20.3123
-20.3922
-20.4719
-20.5512
-20.6301
-20.7087
-20.7869
-20.8648
-20.9424
-21.0196
-21.0966
-21.1731
-21.2494
-21.3253
-21.4009
-21.4762
-21.5512
-21.6258
-21.7002
-21.7742
-21.848
-21.9214
-21.9946
-22.0674
-22.14
-22.2122
-22.2842
-22.3558
-22.4272
-22.4983
-22.5692
-22.6397
-22.71
-22.78
-22.8497
-22.9192
-22.9883
-23.0573
-23.1259
-23.1943
-23.2624
-23.3303
-23.3979
-23.4653
-23.5324
-23.5992
-23.6659
-23.7322
-23.7983
-23.8642
-23.9298
-23.9952
-24.0604
-24.1253
-24.19
-24.2544
-24.3186
-24.3826
-24.4464
-24.5099
-24.5732
-24.6363
-24.6991
-24.7618
-24.8242
-24.8864
-24.9484
-25.0102
-25.0717
-25.1331
-25.1942
-25.2551
-25.3158
-25.3764
-25.4367
-25.4968
-25.5567
-25.6164
-25.6759
-25.7352
-25.7943
-25.8532
-25.9119
-25.9705
-26.0288
-26.0869
-26.1449
-26.2026
-26.2602
-26.3176
-26.3748
-26.4319
-26.4887
-26.5454
-26.6018
-26.6581
-26.7143
-26.7702
-26.826
-26.8816
-26.937
-26.9922
-27.0473
-27.1022
-27.157
-27.2115
-27.266
-27.3202
-27.3743
-27.4282
-27.4819
-27.5355
-27.5889
-27.6422
-27.6953
-27.7482
-27.801
-27.8536
-27.9061
-27.9584
-28.0106
-28.0626
-28.1144
-28.1661
-28.2177
-28.2691
-28.3203
-28.3714
-28.4224
-28.4732
-28.5239
-28.5744
-28.6247
-28.675
-28.7251
-28.775
-28.8248
-28.8745
-28.924
-28.9734
-29.0226
-29.0717
-29.1207
-29.1696
-29.2183
-29.2668
-29.3153
-29.3636
-29.4117
-29.4598
-29.5077
-29.5554
-29.6031
-29.6506
-29.698
-29.7452
-29.7924
-29.8394
-29.8863
-29.933
-29.9796
-30.0261
-30.0725
-30.1188
-30.1649
-30.2109
-30.2568
-30.3026
-30.3483
-30.3938
-30.4392
-30.4845
-30.5297
-30.5748
-30.6197
-30.6645
-30.7093
-30.7539
-30.7984
-30.8427
-30.887
-30.9311
-30.9752
-31.0191
-31.0629
-31.1066
-31.1502
-31.1937
-31.2371
-31.2804
-31.3235
-31.3666
-31.4095
-31.4524
-31.4951
-31.5377
-31.5803
-31.6227
-31.665
-31.7072
-31.7493
-31.7914
-31.8333
-31.8751
-31.9168
-31.9584
-31.9999
-32.0413
-32.0826
-32.1238
-32.1649
-32.2059
-32.2468
-32.2876
-32.3284
-32.369
-32.4095
-32.4499
-32.4903
-32.5305
-32.5707
-32.6107
-32.6507
-32.6906
-32.7303
-32.77
-32.8096
-32.8491
-32.8885
-32.9278
-32.9671
-33.0062
-33.0452
-33.0842
-33.1231
-33.1619
-33.2005
-33.2392
-33.2777
-33.3161
-33.3544
-33.3927
-33.4309
-33.469
-33.507
-33.5449
-33.5827
-33.6205
-33.6581
-33.6957
-33.7332
-33.7706
-33.808
-33.8452
-33.8824
-33.9195
-33.9565
-33.9934
-34.0303
-34.067
-34.1037
-34.1403
-34.1768
-34.2133
-34.2496
-34.2859
-34.3222
-34.3583
-34.3943
-34.4303
-34.4662
-34.5021
-34.5378
-34.5735
-34.6091
-34.6446
-34.68
-34.7154
-34.7507
-34.7859
-34.8211
-34.8562
-34.8912
-34.9261
-34.961
-34.9957
-35.0305
-35.0651
-35.0997
-35.1342
-35.1686
-35.2029
-35.2372
-35.2714
-35.3056
-35.3396
-35.3737
-35.4076
-35.4414
-35.4752
-35.509
-35.5426
-35.5762
-35.6097
-35.6432
-35.6766
-35.7099
-35.7432
-35.7763
-35.8095
-35.8425
-35.8755
-35.9084
-35.9413
-35.9741
-36.0068
-36.0394
-36.072
-36.1046
-36.137
-36.1694
-36.2018
-36.2341
-36.2663
-36.2984
-36.3305
-36.3625
-36.3945
-36.4264
-36.4582
-36.49
-36.5217
-36.5534
-36.5849
-36.6165
-36.6479
-36.6794
-36.7107
-36.742
-36.7732
-36.8044
-36.8355
-36.8665
-36.8975
-36.9285
-36.9593
-36.9901
-37.0209
-37.0516
-37.0822
-37.1128
-37.1433
-37.1738
-37.2042
-37.2345
-37.2648
-37.2951
-37.3253
-37.3554
-37.3854
-37.4155
-37.4454
-37.4753
-37.5052
-37.5349
-37.5647
-37.5944
-37.624
-37.6536
-37.6831
-37.7125
-37.7419
-37.7713
-37.8006
-37.8298
-37.859
-37.8882
-37.9173
-37.9463
-37.9753
-38.0042
-38.0331
-38.0619
-38.0907
-38.1194
-38.1481
-38.1767
-38.2052
-38.2338
-38.2622
-38.2906
-38.319
-38.3473
-38.3756
-38.4038
-38.4319
-38.4601
-38.4881
-38.5161
-38.5441
-38.572
-38.5999
-38.6277
-38.6554
-38.6831
-38.7108
-38.7384
-38.766
-38.7935
-38.821
-38.8484
-38.8758
-38.9031
-38.9304
-38.9576
-38.9848
-39.012
-39.0391
-39.0661
-39.0931
-39.1201
-39.147
-39.1738
-39.2007
-39.2274
-39.2541
-39.2808
-39.3075
-39.334
-39.3606
-39.3871
-39.4135
-39.4399
-39.4663
-39.4926
-39.5189
-39.5451
-39.5713
-39.5974
-39.6235
-39.6496
-39.6756
-39.7015
-39.7275
-39.7533
-39.7792
-39.805
-39.8307
-39.8564
-39.8821
-39.9077
-39.9333
-39.9588
-39.9843
-40.0097
-40.0351
-40.0605
-40.0858
-40.1111
-40.1364
-40.1616
-40.1867
-40.2118
-40.2369
-40.2619
-40.2869
-40.3119
-40.3368
-40.3617
-40.3865
-40.4113
-40.436
-40.4607
-40.4854
-40.51
-40.5346
-40.5592
-40.5837
-40.6081
-40.6326
-40.657
-40.6813
-40.7056
-40.7299
-40.7541
-40.7783
-40.8025
-40.8266
-40.8507
-40.8747
-40.8987
-40.9227
-40.9466
-40.9705
-40.9944
-41.0182
-41.042
-41.0657
-41.0894
-41.1131
-41.1367
-41.1603
-41.1838
-41.2073
-41.2308
-41.2543
-41.2777
-41.301
-41.3244
-41.3477
-41.3709
-41.3941
-41.4173
-41.4405
-41.4636
-41.4867
-41.5097
-41.5327
-41.5557
-41.5786
-41.6015
-41.6244
-41.6472
-41.67
-41.6928
-41.7155
-41.7382
-41.7608
-41.7835
-41.806
-41.8286
-41.8511
-41.8736
-41.896
-41.9185
-41.9408
-41.9632
-41.9855
-42.0078
-42.03
-42.0522
-42.0744
-42.0966
-42.1187
-42.1407
-42.1628
-42.1848
-42.2068
-42.2287
-42.2506
-42.2725
-42.2944
-42.3162
-42.338
-42.3597
-42.3814
-42.4031
-42.4248
-42.4464
-42.468
-42.4895
-42.511
-42.5325
-42.554
-42.5754
-42.5968
-42.6182
-42.6395
-42.6608
-42.6821
-42.7033
-42.7245
-42.7457
-42.7669
-42.788
-42.8091
-42.8301
-42.8511
-42.8721
-42.8931
-42.914
-42.9349
-42.9558
-42.9766
-42.9974
-43.0182
-43.039
-43.0597
-43.0804
-43.101
-43.1217
-43.1423
-43.1628
-43.1834
-43.2039
-43.2244
-43.2448
-43.2652
-43.2856
-43.306
-43.3263
-43.3466
-43.3669
-43.3872
-43.4074
-43.4276
-43.4477
-43.4679
-43.488
-43.508
-43.5281
-43.5481
-43.5681
-43.5881
-43.608
-43.6279
-43.6478
-43.6676
-43.6875
-43.7073
-43.727
-43.7468
-43.7665
-43.7862
-43.8058
-43.8254
-43.845
-43.8646
-43.8842
-43.9037
-43.9232
-43.9426
-43.9621
-43.9815
-44.0009
-44.0202
-44.0396
-44.0589
-44.0781
-44.0974
-44.1166
-44.1358
-44.155
-44.1741
-44.1932
-44.2123
-44.2314
-44.2504
-44.2695
-44.2884
-44.3074
-44.3263
-44.3452
-44.3641
-44.383
-44.4018
-44.4206
-44.4394
-44.4582
-44.4769
-44.4956
-44.5143
-44.5329
-44.5516
-44.5702
-44.5887
-44.6073
-44.6258
-44.6443
-44.6628
-44.6813
-44.6997
-44.7181
-44.7365
-44.7548
-44.7732
-44.7915
-44.8097
-44.828
-44.8462
-44.8644
-44.8826
-44.9008
-44.9189
-44.937
-44.9551
-44.9732
-44.9912
-45.0092
-45.0272
-45.0452
-45.0631
-45.081
-45.0989
-45.1168
-45.1347
-45.1525
-45.1703
-45.1881
-45.2058
-45.2236
-45.2413
-45.2589
-45.2766
-45.2942
-45.3119
-45.3295
-45.347
-45.3646
-45.3821
-45.3996
-45.4171
-45.4345
-45.452
-45.4694
-45.4868
-45.5041
-45.5215
-45.5388
-45.5561
-45.5734
-45.5906
-45.6078
-45.625
-45.6422
-45.6594
-45.6765
-45.6937
-45.7108
-45.7278
-45.7449
-45.7619
-45.7789
-45.7959
-45.8129
-45.8298
-45.8468
-45.8637
-45.8805
-45.8974
-45.9142
-45.931
-45.9478
-45.9646
-45.9814
-45.9981
-46.0148
-46.0315
-46.0482
-46.0648
-46.0814
-46.098
-46.1146
-46.1312
-46.1477
-46.1642
-46.1807
-46.1972
-46.2137
-46.2301
-46.2465
-46.2629
-46.2793
-46.2957
-46.312
-46.3283
-46.3446
-46.3609
-46.3771
-46.3934
-46.4096
-46.4258
-46.4419
-46.4581
-46.4742
-46.4903
-46.5064
-46.5225
-46.5385
-46.5546
-46.5706
-46.5866
-46.6026
-46.6185
-46.6344
-46.6504
-46.6663
-46.6821
-46.698
-46.7138
-46.7296
-46.7454
-46.7612
-46.777
-46.7927
-46.8084
-46.8241
-46.8398
-46.8555
-46.8711
-46.8867
-46.9023
-46.9179
-46.9335
-46.949
-46.9646
-46.9801
-46.9956
-47.011
-47.0265
-47.0419
-47.0574
-47.0728
-47.0881
-47.1035
-47.1188
-47.1342
-47.1495
-47.1648
