3.97963
4.03953
4.05627
4.06351
4.06739
4.06976
4.07133
4.07244
4.07326
4.07388
4.07438
4.07478
4.0751
4.07538
4.07561
4.07581
4.07598
4.07613
4.07626
4.07638
4.07648
4.07657
4.07666
4.07674
4.07681
4.07687
4.07693
4.07698
4.07703
4.07708
4.07712
4.07716
4.0772
4.07723
4.07727
4.0773
4.07733
4.07735
4.07738
4.0774
4.07743
4.07745
4.07747
4.07749
4.07751
4.07753
4.07754
4.07756
4.07758
4.07759
4.07761
4.07762
4.07763
4.07765
4.07766
4.07767
4.07768
4.07769
4.0777
4.07771
4.07772
4.07773
4.07774
4.07775
4.07776
4.07777
4.07777
4.07778
4.07779
4.0778
4.0778
4.07781
4.07782
4.07782
4.07783
4.07784
4.07784
4.07785
4.07785
4.07786
4.07787
4.07787
4.07788
4.07788
4.07789
4.07789
4.0779
4.0779
4.0779
4.07791
4.07791
4.07792
4.07792
4.07792
4.07793
4.07793
4.07794
4.07794
4.07794
4.07795
4.07795
4.07795
4.07796
4.07796
4.07796
4.07797
4.07797
4.07797
4.07797
4.07798
4.07798
4.07798
4.07799
4.07799
4.07799
4.07799
4.078
4.078
4.078
4.078
4.07801
4.07801
4.07801
4.07801
4.07801
4.07802
4.07802
4.07802
4.07802
4.07802
4.07803
4.07803
4.07803
4.07803
4.07803
4.07804
4.07804
4.07804
4.07804
4.07804
4.07804
4.07805
4.07805
4.07805
4.07805
4.07805
4.07805
4.07806
4.07806
4.07806
4.07806
4.07806
4.07806
4.07806
4.07807
4.07807
4.07807
4.07807
4.07807
4.07807
4.07807
4.07808
4.07808
4.07808
4.07808
4.07808
4.07808
4.07808
4.07808
4.07808
4.07809
4.07809
4.07809
4.07809
4.07809
4.07809
4.07809
4.07809
4.07809
4.0781
4.0781
4.0781
4.0781
4.0781
4.0781
4.0781
4.0781
4.0781
4.0781
4.07811
4.07811
4.07811
4.07811
4.07811
4.07811
4.07811
4.07811
4.07811
4.07811
4.07811
4.07811
4.07812
4.07812
4.07812
4.07812
4.07812
4.07812
4.07812
4.07812
4.07812
4.07812
4.07812
4.07812
4.07812
4.07813
4.07813
4.07813
4.07813
4.07813
4.07813
4.07813
4.07813
4.07813
4.07813
4.07813
4.07813
4.07813
4.07813
4.07813
4.07814
4.07814
4.07814
4.07814
4.07814
4.07814
4.07814
4.07814
4.07814
4.07814
4.07814
4.07814
4.07814
4.07814
4.07814
4.07814
4.07814
4.07815
4.07815
4.07815
4.07815
4.07815
4.07815
4.07815
4.07815
4.07815
4.07815
4.07815
4.07815
4.07815
4.07815
4.07815
4.07815
4.07815
4.07815
4.07815
4.07815
4.07815
4.07816
4.07816
4.07816
4.07816
4.07816
4.07816
4.07816
4.07816
4.07816
4.07816
4.07816
4.07816
4.07816
4.07816
4.07816
4.07816
4.07816
4.07816
4.07816
4.07816
4.07816
4.07816
4.07816
4.07816
4.07817
4.07817
4.07817
4.07817
4.07817
4.07817
4.07817
4.07817
4.07817
4.07817
4.07817
4.07817
4.07817
4.07817
4.07817
4.07817
4.07817
4.07817
4.07817
4.07817
4.07817
4.07817
4.07817
4.07817
4.07817
4.07817
4.07817
4.07817
4.07818
4.07818
4.07818
4.07818
4.07818
4.07818
4.07818
4.07818
4.07818
4.07818
4.07818
4.07818
4.07818
4.07818
4.07818
4.07818
4.07818
4.07818
4.07818
4.07818
4.07818
4.07818
4.07818
4.07818
4.07818
4.07818
4.07818
4.07818
4.07818
4.07818
4.07818
4.07818
4.07818
4.07818
4.07818
4.07818
4.07819
4.07819
4.07819
4.07819
4.07819
4.07819
4.07819
4.07819
4.07819
4.07819
4.07819
4.07819
4.07819
4.07819
4.07819
4.07819
4.07819
4.07819
4.07819
4.07819
4.07819
4.07819
4.07819
4.07819
4.07819
4.07819
4.07819
4.07819
4.07819
4.07819
4.07819
4.07819
4.07819
4.07819
4.07819
4.07819
4.07819
4.07819
4.07819
4.07819
4.07819
4.07819
4.07819
4.0782
4.0782
4.0782
4.0782
4.0782
4.0782
4.0782
4.0782
4.0782
4.0782
4.0782
4.0782
4.0782
4.0782
4.0782
4.0782
4.0782
4.0782
4.0782
4.0782
4.0782
4.0782
4.0782
4.0782
4.0782
4.0782
4.0782
4.0782
4.0782
4.0782
4.0782
4.0782
4.0782
4.0782
4.0782
4.0782
4.0782
4.0782
4.0782
4.0782
4.0782
4.0782
4.0782
4.0782
4.0782
4.0782
4.0782
4.0782
4.0782
4.0782
4.0782
4.0782
4.0782
4.0782
4.0782
4.0782
4.0782
4.07821
4.07821
4.07821
4.07821
4.07821
4.07821
4.07821
4.07821
4.07821
4.07821
4.07821
4.07821
4.07821
4.07821
4.07821
4.07821
4.07821
4.07821
4.07821
4.07821
4.07821
4.07821
4.07821
4.07821
4.07821
4.07821
4.07821
4.07821
4.07821
4.07821
4.07821
4.07821
4.07821
4.07821
4.07821
4.07821
4.07821
4.07821
4.07821
4.07821
4.07821
4.07821
4.07821
4.07821
4.07821
4.07821
4.07821
4.07821
4.07821
4.07821
4.07821
4.07821
4.07821
4.07821
4.07821
4.07821
4.07821
4.07821
4.07821
4.07821
4.07821
4.07821
4.07821
4.07821
4.07821
4.07821
4.07821
4.07821
4.07821
4.07821
4.07821
4.07821
4.07821
4.07821
4.07821
4.07822
4.07822
4.07822
4.07822
4.07822
4.07822
4.07822
4.07822
4.07822
4.07822
4.07822
4.07822
4.07822
4.07822
4.07822
4.07822
4.07822
4.07822
4.07822
4.07822
4.07822
4.07822
4.07822
4.07822
4.07822
4.07822
4.07822
4.07822
4.07822
4.07822
4.07822
4.07822
4.07822
4.07822
4.07822
4.07822
4.07822
4.07822
4.07822
4.07822
4.07822
4.07822
4.07822
4.07822
4.07822
4.07822
4.07822
4.07822
4.07822
4.07822
4.07822
4.07822
4.07822
4.07822
4.07822
4.07822
4.07822
4.07822
4.07822
4.07822
4.07822
4.07822
4.07822
4.07822
4.07822
4.07822
4.07822
4.07822
4.07822
4.07822
4.07822
4.07822
4.07822
4.07822
4.07822
4.07822
4.07822
4.07822
4.07822
4.07822
4.07822
4.07822
4.07822
4.07822
4.07822
4.07822
4.07822
4.07822
4.07822
4.07822
4.07822
4.07822
4.07822
4.07822
4.07822
4.07822
4.07822
4.07822
4.07822
4.07822
4.07822
4.07822
4.07822
4.07822
4.07822
4.07822
4.07823
4.07823
4.07823
4.07823
4.07823
4.07823
4.07823
4.07823
4.07823
4.07823
4.07823
4.07823
4.07823
4.07823
4.07823
4.07823
4.07823
4.07823
4.07823
4.07823
4.07823
4.07823
4.07823
4.07823
4.07823
4.07823
4.07823
4.07823
4.07823
4.07823
4.07823
4.07823
4.07823
4.07823
4.07823
4.07823
4.07823
4.07823
4.07823
4.07823
4.07823
4.07823
4.07823
4.07823
4.07823
4.07823
4.07823
4.07823
4.07823
4.07823
4.07823
4.07823
4.07823
4.07823
4.07823
4.07823
4.07823
4.07823
4.07823
4.07823
4.07823
4.07823
4.07823
4.07823
4.07823
4.07823
4.07823
4.07823
4.07823
4.07823
4.07823
4.07823
4.07823
4.07823
4.07823
4.07823
4.07823
4.07823
4.07823
4.07823
4.07823
4.07823
4.07823
4.07823
4.07823
4.07823
4.07823
4.07823
4.07823
4.07823
4.07823
4.07823
4.07823
4.07823
4.07823
4.07823
4.07823
4.07823
4.07823
4.07823
4.07823
4.07823
4.07823
4.07823
4.07823
4.07823
4.07823
4.07823
4.07823
4.07823
4.07823
4.07823
4.07823
4.07823
4.07823
4.07823
4.07823
4.07823
4.07823
4.07823
4.07823
4.07823
4.07823
4.07823
4.07823
4.07823
4.07823
4.07823
4.07823
4.07823
4.07823
4.07823
4.07823
4.07823
4.07823
4.07823
4.07823
4.07823
4.07823
4.07823
4.07823
4.07823
4.07823
4.07823
4.07823
4.07823
4.07823
4.07823
4.07823
4.07823
4.07823
4.07823
4.07823
4.07823
4.07823
4.07823
4.07823
4.07823
4.07823
4.07824
4.07824
4.07824
4.07824
4.07824
4.07824
4.07824
4.07824
4.07824
4.07824
4.07824
4.07824
4.07824
4.07824
4.07824
4.07824
4.07824
4.07824
4.07824
4.07824
4.07824
4.07824
4.07824
4.07824
4.07824
4.07824
4.07824
4.07824
4.07824
4.07824
4.07824
4.07824
4.07824
4.07824
4.07824
4.07824
4.07824
4.07824
4.07824
4.07824
4.07824
4.07824
4.07824
4.07824
4.07824
4.07824
4.07824
4.07824
4.07824
4.07824
4.07824
4.07824
4.07824
4.07824
4.07824
4.07824
4.07824
4.07824
4.07824
4.07824
4.07824
4.07824
4.07824
4.07824
4.07824
4.07824
4.07824
4.07824
4.07824
4.07824
4.07824
4.07824
4.07824
4.07824
4.07824
4.07824
4.07824
4.07824
4.07824
4.07824
4.07824
4.07824
4.07824
4.07824
4.07824
4.07824
4.07824
4.07824
4.07824
4.07824
4.07824
4.07824
4.07824
4.07824
4.07824
4.07824
4.07824
4.07824
4.07824
4.07824
4.07824
4.07824
4.07824
4.07824
4.07824
4.07824
4.07824
4.07824
4.07824
4.07824
4.07824
4.07824
4.07824
4.07824
4.07824
4.07824
4.07824
4.07824
4.07824
4.07824
4.07824
4.07824
4.07824
4.07824
4.07824
4.07824
4.07824
4.07824
4.07824
4.07824
4.07824
4.07824
4.07824
4.07824
4.07824
4.07824
4.07824
4.07824
4.07824
4.07824
4.07824
4.07824
4.07824
4.07824
4.07824
4.07824
4.07824
4.07824
4.07824
4.07824
4.07824
4.07824
4.07824
4.07824
4.07824
4.07824
4.07824
4.07824
4.07824
4.07824
4.07824
4.07824
4.07824
4.07824
4.07824
4.07824
4.07824
4.07824
4.07824
4.07824
4.07824
4.07824
4.07824
4.07824
4.07824
4.07824
4.07824
4.07824
4.07824
4.07824
4.07824
4.07824
4.07824
4.07824
4.07824
4.07824
4.07824
4.07824
4.07824
4.07824
4.07824
4.07824
4.07824
4.07824
4.07824
4.07824
4.07824
4.07824
4.07824
4.07824
4.07824
4.07824
4.07824
4.07824
4.07824
-1.6282
-1.6282
-1.6282
-1.62819
-1.62819
-1.62819
-1.62819
-1.62819
-1.62819
-1.62819
-1.62819
-1.62819
-1.62819
-1.62819
-1.62819
-1.62819
-1.62819
-1.62819
-1.62819
-1.62819
-1.62819
-1.62819
-1.62819
-1.62819
-1.62819
-1.62819
-1.62819
-1.62819
-1.62819
-1.62819
-1.62819
-1.62819
-1.62819
-1.62819
-1.62819
-1.62819
-1.62819
-1.62819
-1.62819
-1.62819
-1.62819
-1.62819
-1.62819
-1.62819
-1.62819
-1.62819
-1.62819
-1.62819
-1.62819
-1.62819
-1.62819
-1.62819
-1.62819
-1.62819
-1.62819
-1.62819
-1.62819
-1.62819
-1.62819
-1.62819
-1.62819
-1.62819
-1.62819
-1.62819
-1.62819
-1.62819
-1.62819
-1.62819
-1.62819
-1.62819
-1.62819
-1.62819
-1.62819
-1.62819
-1.62819
-1.62819
-1.62819
-1.62819
-1.62819
-1.62819
-1.62819
-1.62819
-1.62819
-1.62819
-1.62819
-1.62819
-1.62819
-1.62819
-1.62819
-1.62819
-1.62819
-1.62819
-1.62819
-1.62819
-1.62819
-1.62819
-1.62819
-1.62819
-1.62819
-1.62819
-1.62819
-1.62819
-1.62819
-1.62819
-1.62819
-1.62819
-1.62819
-1.62819
-1.62819
-1.62819
-1.62819
-1.62819
-1.62819
-1.62819
-1.62819
-1.62819
-1.62819
-1.62819
-1.62819
-1.62819
-1.62819
-1.62819
-1.62819
-1.62819
-1.62819
-1.62819
-1.62819
-1.62819
-1.62819
-1.62819
-1.62819
-1.62819
-1.62819
-1.62819
-1.62819
-1.62819
-1.62819
-1.62819
-1.62819
-1.62819
-1.62819
-1.62819
-1.62819
-1.62819
-1.62819
-1.62819
-1.62819
-1.62819
-1.62819
-1.62819
-1.62819
-1.62819
-1.62819
-1.62819
-1.62819
-1.62819
-1.62819
-1.62819
-1.62819
-1.62819
-1.62819
-1.62819
-1.62819
-1.62819
-1.62819
-1.62819
-1.62819
-1.62819
-1.62819
-1.62819
-1.62819
-1.62819
-1.62819
-1.62819
-1.62819
-1.62819
-1.62819
-1.62819
-1.62819
-1.62819
-1.62819
-1.62819
-1.62819
-1.62819
-1.62819
-1.62819
-1.62819
-1.62819
-1.62819
-1.62819
-1.62819
-1.62819
-1.62819
-1.62819
-1.62819
-1.62819
-1.62819
-1.62819
-1.62819
-1.62819
-1.62819
-1.62819
-1.62819
-1.62819
-1.62819
-1.62819
-1.62819
-1.62819
-1.62819
-1.62819
-1.62819
-1.62819
-1.62819
-1.62819
-1.62819
-1.62819
-1.62819
-1.62819
-1.62819
-1.62819
-1.62819
-1.62819
-1.62819
-1.62819
-1.62819
-1.62819
-1.62819
-1.62819
-1.62819
-1.62819
-1.62819
-1.62819
-1.62819
-1.62819
-1.62819
-1.62819
-1.62819
-1.62819
-1.62819
-1.62819
-1.62819
-1.62819
-1.62819
-1.62819
-1.62819
-1.62819
-1.62819
-1.62819
-1.62819
-1.62819
-1.62819
-1.62819
-1.62819
-1.62819
-1.62819
-1.62819
-1.62819
-1.62819
-1.62819
-1.62819
-1.62819
-1.62819
-1.62819
-1.62819
-1.62819
-1.62819
-1.62819
-1.62819
-1.62819
-1.62819
-1.62819
-1.62819
-1.62819
-1.62819
-1.62819
-1.62819
-1.62819
-1.62819
-1.62819
-1.62819
-1.62819
-1.62819
-1.62819
-1.62819
-1.62819
-1.62819
-1.62819
-1.62819
-1.62819
-1.62819
-1.62819
-1.62819
-1.62819
-1.62819
-1.62819
-1.62819
-1.62819
-1.62819
-1.62819
-1.62819
-1.62819
-1.62819
-1.62819
-1.62819
-1.62819
-1.62819
-1.62819
-1.62819
-1.62819
-1.62819
-1.62819
-1.62819
-1.62819
-1.62819
-1.62819
-1.62819
-1.62819
-1.62819
-1.62819
-1.62819
-1.62819
-1.62819
-1.62819
-1.62819
-1.62819
-1.62819
-1.62819
-1.62819
-1.62819
-1.62819
-1.62819
-1.62819
-1.62819
-1.62819
-1.62819
-1.62819
-1.62819
-1.62819
-1.62819
-1.62819
-1.62819
-1.62819
-1.62819
-1.62819
-1.62819
-1.62819
-1.62819
-1.62819
-1.62819
-1.62819
-1.62819
-1.62819
-1.62819
-1.62819
-1.62819
-1.62819
-1.62819
-1.62819
-1.62819
-1.62819
-1.62819
-1.62819
-1.62819
-1.62819
-1.62819
-1.62819
-1.62819
-1.62819
-1.62819
-1.62819
-1.62819
-1.62819
-1.62819
-1.62819
-1.62819
-1.62819
-1.62819
-1.62819
-1.62819
-1.62819
-1.62819
-1.62819
-1.62819
-1.62819
-1.62819
-1.62819
-1.62819
-1.62819
-1.62819
-1.62819
-1.62819
-1.62819
-1.62819
-1.62819
-1.62819
-1.62819
-1.62819
-1.62819
-1.62819
-1.62819
-1.62819
-1.62819
-1.62819
-1.62819
-1.62819
-1.62819
-1.62819
-1.62819
-1.62819
-1.62819
-1.62819
-1.62819
-1.62819
-1.62819
-1.62819
-1.62819
-1.62819
-1.62819
-1.62819
-1.62819
-1.62819
-1.62819
-1.62819
-1.62819
-1.62819
-1.62819
-1.62819
-1.62819
-1.62819
-1.62819
-1.62819
-1.62819
-1.62819
-1.62819
-1.62819
-1.62819
-1.62819
-1.62819
-1.62819
-1.62819
-1.62819
-1.62819
-1.62819
-1.62819
-1.62819
-1.62819
-1.62819
-1.62819
-1.62819
-1.62819
-1.62819
-1.62819
-1.62819
-1.62819
-1.62819
-1.62819
-1.62819
-1.62819
-1.62819
-1.62819
-1.62819
-1.62819
-1.62819
-1.62819
-1.62819
-1.62819
-1.62819
-1.62819
-1.62819
-1.62819
-1.62819
-1.62819
-1.62819
-1.62819
-1.62819
-1.62819
-1.62819
-1.62819
-1.62819
-1.62819
-1.62819
-1.62819
-1.62819
-1.62819
-1.62819
-1.62819
-1.62819
-1.62819
-1.62819
-1.62819
-1.62819
-1.62819
-1.62819
-1.62819
-1.62819
-1.62819
-1.62819
-1.62819
-1.62819
-1.62819
-1.62819
-1.62819
-1.62819
-1.62819
-1.62819
-1.62819
-1.62819
-1.62819
-1.62819
-1.62819
-1.62819
-1.62819
-1.62819
-1.62819
-1.62819
-1.62819
-1.62819
-1.62819
-1.62819
-1.62819
-1.62819
-1.62819
-1.62819
-1.62819
-1.62819
-1.62819
-1.62819
-1.62819
-1.62819
-1.62819
-1.62819
-1.62819
-1.62819
-1.62819
-1.62819
-1.62819
-1.62819
-1.62819
-1.62819
-1.62819
-1.62819
-1.62819
-1.62819
-1.62819
-1.62819
-1.62819
-1.62819
-1.62819
-1.62819
-1.62819
-1.62819
-1.62819
-1.62819
-1.62819
-1.62819
-1.62819
-1.62819
-1.62819
-1.62819
-1.62819
-1.62819
-1.62819
-1.62819
-1.62819
-1.62819
-1.62819
-1.62819
-1.62819
-1.62819
-1.62819
-1.62819
-1.62819
-1.62819
-1.62819
-1.62819
-1.62819
-1.62819
-1.62819
-1.62819
-1.62819
-1.62819
-1.62819
-1.62819
-1.62819
-1.62819
-1.62819
-1.62819
-1.62819
-1.62819
-1.62819
-1.62819
-1.62819
-1.62819
-1.62819
-1.62819
-1.62819
-1.62819
-1.62819
-1.62819
-1.62819
-1.62819
-1.62819
-1.62819
-1.62819
-1.62819
-1.62819
-1.62819
-1.62819
-1.62819
-1.62819
-1.62819
-1.62819
-1.62819
-1.62819
-1.62819
-1.62819
-1.62819
-1.62819
-1.62819
-1.62819
-1.62819
-1.62819
-1.62819
-1.62819
-1.62819
-1.62819
-1.62819
-1.62819
-1.62819
-1.62819
-1.62819
-1.62819
-1.62819
-1.62819
-1.62819
-1.62819
-1.62819
-1.62819
-1.62819
-1.62819
-1.62819
-1.62819
-1.62819
-1.62819
-1.62819
-1.62819
-1.62819
-1.62819
-1.62819
-1.62819
-1.62819
-1.62819
-1.62819
-1.62819
-1.62819
-1.62819
-1.62819
-1.62819
-1.62819
-1.62819
-1.62819
-1.62819
-1.62819
-1.62819
-1.62819
-1.62819
-1.62819
-1.62819
-1.62819
-1.62819
-1.62819
-1.62819
-1.62819
-1.62819
-1.62819
-1.62819
-1.62819
-1.62819
-1.62819
-1.62819
-1.62819
-1.62819
-1.62819
-1.62819
-1.62819
-1.62819
-1.62819
-1.62819
-1.62819
-1.62819
-1.62819
-1.62819
-1.62819
-1.62819
-1.62819
-1.62819
-1.62819
-1.62819
-1.62819
-1.62819
-1.62819
-1.62819
-1.62819
-1.62819
-1.62819
-1.62819
-1.62819
-1.62819
-1.62819
-1.62819
-1.62819
-1.62819
-1.62819
-1.62819
-1.62819
-1.62819
-1.62819
-1.62819
-1.62819
-1.62819
-1.62819
-1.62819
-1.62819
-1.62819
-1.62819
-1.62819
-1.62819
-1.62819
-1.62819
-1.62819
-1.62819
-1.62819
-1.62819
-1.62819
-1.62819
-1.62819
-1.62819
-1.62819
-1.62819
-1.62819
-1.62819
-1.62819
-1.62819
-1.62819
-1.62819
-1.62819
-1.62819
-1.62819
-1.62819
-1.62819
-1.62819
-1.62819
-1.62819
-1.62819
-1.62819
-1.62819
-1.62819
-1.62819
-1.62819
-1.62819
-1.62819
-1.62819
-1.62819
-1.62819
-1.62819
-1.62819
-1.62819
-1.62819
-1.62819
-1.62819
-1.62819
-1.62819
-1.62819
-1.62819
-1.62819
-1.62819
-1.62819
-1.62819
-1.62819
-1.62819
-1.62819
-1.62819
-1.62819
-1.62819
-1.62819
-1.62819
-1.62819
-1.62819
-1.62819
-1.62819
-1.62819
-1.62819
-1.62819
-1.62819
-1.62819
-1.62819
-1.62819
-1.62819
-1.62819
-1.62819
-1.62819
-1.62819
-1.62819
-1.62819
-1.62819
-1.62819
-1.62819
-1.62819
-1.62819
-1.62819
-1.62819
-1.62819
-1.62819
-1.62819
-1.62819
-1.62819
-1.62819
-1.62819
-1.62819
-1.62819
-1.62819
-1.62819
-1.62819
-1.62819
-1.62819
-1.62819
-1.62819
-1.62819
-1.62819
-1.62819
-1.62819
-1.62819
-1.62819
-1.62819
-1.62819
-1.62819
-1.62819
-1.62819
-1.62819
-1.62819
-1.62819
-1.62819
-1.62819
-1.62819
-1.62819
-1.62819
-1.62819
-1.62819
-1.62819
-1.62819
-1.62819
-1.62819
-1.62819
-1.62819
-1.62819
-1.62819
-1.62819
-1.62819
-1.62819
-1.62819
-1.62819
-1.62819
-1.62819
-1.62819
-1.62819
-1.62819
-1.62819
-1.62819
-1.62819
-1.62819
-1.62819
-1.62819
-1.62819
-1.62819
-1.62819
-1.62819
-1.62819
-1.62819
-1.62819
-1.62819
-1.62819
-1.62819
-1.62819
-1.62819
-1.62819
-1.62819
-1.62819
-1.62819
-1.62819
-1.62819
-1.62819
-1.62819
-1.62819
-1.62819
-1.62819
-1.62819
-1.62819
-1.62819
-1.62819
-1.62819
-1.62819
-1.62819
-1.62819
-1.62819
-1.62819
-1.62819
-1.62819
-1.62819
-1.62819
-1.62819
-1.62819
-1.62819
-1.62819
-1.62819
-1.62819
-1.62819
-1.62819
-1.62819
-1.62819
-1.62819
-1.62819
-1.62819
-1.62819
-1.62819
-1.62819
-1.62819
-1.62819
-1.62819
-1.62819
-1.62819
-1.62819
-1.62819
-1.62819
-1.62819
-1.62819
-1.62819
-1.62819
-1.62819
-1.62819
-1.62819
-1.62819
-1.62819
-1.62819
-1.62819
-1.62819
-1.62819
-1.62819
-1.62819
-1.62819
-1.62819
-1.62819
-1.62819
-1.62819
-1.62819
-1.62819
-1.62819
-1.62819
-1.62819
-1.62819
-1.62819
-1.62819
-1.62819
-1.62819
-1.62819
-1.62819
-1.62819
-1.62819
-1.62819
-1.62819
-1.62819
-1.62819
-1.62819
-1.62819
-1.62819
-1.62819
-1.62819
-1.62819
-1.62819
-1.62819
-1.62819
-1.62819
-1.62819
-1.62819
-1.62819
-1.62819
-1.62819
-1.62819
-1.62819
-1.62819
-1.62819
-1.62819
-1.62819
-1.62819
-1.62819
-1.62819
-1.62819
-1.62819
-1.62819
-1.62819
-1.62819
2.52434
2.85425
3.04792
3.1846
3.28981
3.37503
3.44642
3.50769
3.56122
3.60864
3.65114
3.68956
3.72458
3.75669
3.7863
3.81375
3.83929
3.86315
3.88551
3.90654
3.92635
3.94508
3.96282
3.97965
3.99565
4.0109
4.02544
4.03933
4.05262
4.06536
4.07757
4.0893
4.10057
4.11142
4.12187
4.13195
4.14166
4.15105
4.16012
4.16889
4.17738
4.1856
4.19356
4.20129
4.20878
4.21606
4.22312
4.22999
4.23666
4.24315
4.24947
4.25562
4.26161
4.26745
4.27314
4.27869
4.2841
4.28938
4.29454
4.29958
4.30449
4.3093
4.314
4.31859
4.32308
4.32748
4.33178
4.33599
4.34011
4.34415
4.3481
4.35198
4.35577
4.3595
4.36315
4.36672
4.37023
4.37368
4.37706
4.38038
4.38363
4.38683
4.38997
4.39305
4.39608
4.39906
4.40199
4.40486
4.40769
4.41047
4.4132
4.41589
4.41854
4.42114
4.4237
4.42622
4.4287
4.43114
4.43354
4.43591
4.43824
4.44053
4.44279
4.44502
4.44721
4.44937
4.4515
4.4536
4.45567
4.45771
4.45973
4.46171
4.46366
4.46559
4.4675
4.46937
4.47122
4.47305
4.47485
4.47663
4.47839
4.48012
4.48183
4.48352
4.48518
4.48683
4.48845
4.49006
4.49164
4.49321
4.49475
4.49628
4.49779
4.49928
4.50075
4.50221
4.50365
4.50507
4.50647
4.50786
4.50923
4.51059
4.51193
4.51326
4.51457
4.51586
4.51715
4.51841
4.51967
4.52091
4.52214
4.52335
4.52455
4.52574
4.52691
4.52808
4.52923
4.53036
4.53149
4.53261
4.53371
4.5348
4.53588
4.53695
4.53801
4.53906
4.5401
4.54113
4.54215
4.54316
4.54415
4.54514
4.54612
4.54709
4.54805
4.549
4.54994
4.55088
4.5518
4.55272
4.55363
4.55452
4.55542
4.5563
4.55717
4.55804
4.5589
4.55975
4.56059
4.56143
4.56226
4.56308
4.56389
4.5647
4.5655
4.56629
4.56708
4.56786
4.56863
4.5694
4.57016
4.57091
4.57166
4.5724
4.57313
4.57386
4.57458
4.5753
4.57601
4.57671
4.57741
4.5781
4.57879
4.57947
4.58015
4.58082
4.58149
4.58215
4.58281
4.58346
4.5841
4.58474
4.58538
4.58601
4.58663
4.58725
4.58787
4.58848
4.58909
4.58969
4.59029
4.59088
4.59147
4.59206
4.59264
4.59321
4.59378
4.59435
4.59491
4.59547
4.59603
4.59658
4.59713
4.59767
4.59821
4.59875
4.59928
4.59981
4.60033
4.60085
4.60137
4.60188
4.60239
4.6029
4.6034
4.6039
4.6044
4.60489
4.60538
4.60587
4.60635
4.60683
4.6073
4.60778
4.60825
4.60871
4.60918
4.60964
4.6101
4.61055
4.611
4.61145
4.6119
4.61234
4.61278
4.61322
4.61365
4.61409
4.61452
4.61494
4.61537
4.61579
4.61621
4.61662
4.61703
4.61745
4.61785
4.61826
4.61866
4.61906
4.61946
4.61986
4.62025
4.62064
4.62103
4.62142
4.6218
4.62218
4.62256
4.62294
4.62331
4.62369
4.62406
4.62443
4.62479
4.62516
4.62552
4.62588
4.62624
4.62659
4.62695
4.6273
4.62765
4.62799
4.62834
4.62868
4.62903
4.62937
4.6297
4.63004
4.63037
4.63071
4.63104
4.63136
4.63169
4.63202
4.63234
4.63266
4.63298
4.6333
4.63362
4.63393
4.63424
4.63455
4.63486
4.63517
4.63548
4.63578
4.63608
4.63639
4.63669
4.63698
4.63728
4.63758
4.63787
4.63816
4.63845
4.63874
4.63903
4.63931
4.6396
4.63988
4.64016
4.64044
4.64072
4.641
4.64127
4.64155
4.64182
4.64209
4.64236
4.64263
4.6429
4.64317
4.64343
4.64369
4.64396
4.64422
4.64448
4.64474
4.64499
4.64525
4.6455
4.64576
4.64601
4.64626
4.64651
4.64676
4.64701
4.64725
4.6475
4.64774
4.64798
4.64823
4.64847
4.64871
4.64894
4.64918
4.64942
4.64965
4.64989
4.65012
4.65035
4.65058
4.65081
4.65104
4.65126
4.65149
4.65172
4.65194
4.65216
4.65239
4.65261
4.65283
4.65305
4.65326
4.65348
4.6537
4.65391
4.65413
4.65434
4.65455
4.65476
4.65497
4.65518
4.65539
4.6556
4.65581
4.65601
4.65622
4.65642
4.65663
4.65683
4.65703
4.65723
4.65743
4.65763
4.65783
4.65802
4.65822
4.65842
4.65861
4.6588
4.659
4.65919
4.65938
4.65957
4.65976
4.65995
4.66014
4.66033
4.66051
4.6607
4.66088
4.66107
4.66125
4.66143
4.66162
4.6618
4.66198
4.66216
4.66234
4.66251
4.66269
4.66287
4.66304
4.66322
4.6634
4.66357
4.66374
4.66392
4.66409
4.66426
4.66443
4.6646
4.66477
4.66494
4.6651
4.66527
4.66544
4.6656
4.66577
4.66593
4.6661
4.66626
4.66642
4.66659
4.66675
4.66691
4.66707
4.66723
4.66739
4.66755
4.6677
4.66786
4.66802
4.66817
4.66833
4.66848
4.66864
4.66879
4.66894
4.6691
4.66925
4.6694
4.66955
4.6697
4.66985
4.67
4.67015
4.6703
4.67044
4.67059
4.67074
4.67088
4.67103
4.67117
4.67132
4.67146
4.6716
4.67174
4.67189
4.67203
4.67217
4.67231
4.67245
4.67259
4.67273
4.67287
4.67301
4.67314
4.67328
4.67342
4.67355
4.67369
4.67382
4.67396
4.67409
4.67423
4.67436
4.67449
4.67462
4.67476
4.67489
4.67502
4.67515
4.67528
4.67541
4.67554
4.67567
4.67579
4.67592
4.67605
4.67618
4.6763
4.67643
4.67655
4.67668
4.6768
4.67693
4.67705
4.67717
4.6773
4.67742
4.67754
4.67766
4.67779
4.67791
4.67803
4.67815
4.67827
4.67839
4.67851
4.67862
4.67874
4.67886
4.67898
4.67909
4.67921
4.67933
4.67944
4.67956
4.67967
4.67979
4.6799
4.68002
4.68013
4.68024
4.68036
4.68047
4.68058
4.68069
4.6808
4.68092
4.68103
4.68114
4.68125
4.68136
4.68147
4.68157
4.68168
4.68179
4.6819
4.68201
4.68211
4.68222
4.68233
4.68243
4.68254
4.68265
4.68275
4.68286
4.68296
4.68306
4.68317
4.68327
4.68338
4.68348
4.68358
4.68368
4.68379
4.68389
4.68399
4.68409
4.68419
4.68429
4.68439
4.68449
4.68459
4.68469
4.68479
4.68489
4.68499
4.68508
4.68518
4.68528
4.68538
4.68547
4.68557
4.68567
4.68576
4.68586
4.68595
4.68605
4.68614
4.68624
4.68633
4.68643
4.68652
4.68661
4.68671
4.6868
4.68689
4.68698
4.68708
4.68717
4.68726
4.68735
4.68744
4.68753
4.68762
4.68771
4.6878
4.68789
4.68798
4.68807
4.68816
4.68825
4.68834
4.68843
4.68851
4.6886
4.68869
4.68878
4.68886
4.68895
4.68904
4.68912
4.68921
4.68929
4.68938
4.68946
4.68955
4.68963
4.68972
4.6898
4.68989
4.68997
4.69005
4.69014
4.69022
4.6903
4.69039
4.69047
4.69055
4.69063
4.69072
4.6908
4.69088
4.69096
4.69104
4.69112
4.6912
4.69128
4.69136
4.69144
4.69152
4.6916
4.69168
4.69176
4.69184
4.69191
4.69199
4.69207
4.69215
4.69223
4.6923
4.69238
4.69246
4.69254
4.69261
4.69269
4.69276
4.69284
4.69292
4.69299
4.69307
4.69314
4.69322
4.69329
4.69337
4.69344
4.69352
4.69359
4.69366
4.69374
4.69381
4.69388
4.69396
4.69403
4.6941
4.69417
4.69425
4.69432
4.69439
4.69446
4.69453
4.6946
4.69468
4.69475
4.69482
4.69489
4.69496
4.69503
4.6951
4.69517
4.69524
4.69531
4.69538
4.69545
4.69552
4.69558
4.69565
4.69572
4.69579
4.69586
4.69593
4.69599
4.69606
4.69613
4.6962
4.69626
4.69633
4.6964
4.69646
4.69653
4.6966
4.69666
4.69673
4.6968
4.69686
4.69693
4.69699
4.69706
4.69712
4.69719
4.69725
4.69732
4.69738
4.69744
4.69751
4.69757
4.69764
4.6977
4.69776
4.69783
4.69789
4.69795
4.69802
4.69808
4.69814
4.6982
4.69827
4.69833
4.69839
4.69845
4.69851
4.69857
4.69864
4.6987
4.69876
4.69882
4.69888
4.69894
4.699
4.69906
4.69912
4.69918
4.69924
4.6993
4.69936
4.69942
4.69948
4.69954
4.6996
4.69966
4.69971
4.69977
4.69983
4.69989
4.69995
4.70001
4.70006
4.70012
4.70018
4.70024
4.7003
4.70035
4.70041
4.70047
4.70052
4.70058
4.70064
4.70069
4.70075
4.70081
4.70086
4.70092
4.70097
4.70103
4.70109
4.70114
4.7012
4.70125
4.70131
4.70136
4.70142
4.70147
4.70153
4.70158
4.70163
4.70169
4.70174
4.7018
4.70185
4.7019
4.70196
4.70201
4.70207
4.70212
4.70217
4.70222
4.70228
4.70233
4.70238
4.70244
4.70249
4.70254
4.70259
4.70264
4.7027
4.70275
4.7028
4.70285
4.7029
4.70296
4.70301
4.70306
4.70311
4.70316
4.70321
4.70326
4.70331
4.70336
4.70341
4.70346
4.70351
4.70356
4.70361
4.70366
4.70371
4.70376
4.70381
4.70386
4.70391
4.70396
4.70401
4.70406
4.70411
4.70416
4.70421
4.70425
4.7043
4.70435
4.7044
4.70445
4.7045
4.70454
4.70459
4.70464
4.70469
4.70473
4.70478
4.70483
4.70488
4.70492
4.70497
4.70502
4.70507
4.70511
4.70516
4.70521
4.70525
4.7053
4.70534
4.70539
4.70544
4.70548
4.70553
4.70557
4.70562
4.70567
4.70571
4.70576
4.7058
4.70585
4.70589
4.70594
4.70598
4.70603
4.70607
4.70612
4.70616
4.70621
4.70625
4.7063
4.70634
4.70638
4.70643
4.70647
4.70652
4.70656
4.7066
4.70665
4.70669
4.70673
4.70678
4.70682
4.70686
4.70691
4.70695
4.70699
4.70704
4.70708
4.70712
4.70716
4.70721
4.70725
4.70729
4.70733
4.70738
4.70742
4.70746
4.7075
4.70754
4.70759
4.70763
4.70767
4.70771
4.70775
4.70779
4.70784
4.70788
4.70792
4.70796
4.708
4.70804
4.70808
4.70812
4.70816
4.7082
4.70824
4.70828
4.70833
4.70837
4.70841
4.70845
4.70849
4.70853
4.70857
3.11282
4.07224
4.45151
4.59966
4.62515
4.57583
4.47703
4.34376
4.1856
4.00902
3.81861
3.61769
3.40876
3.19373
2.97407
2.75097
2.52536
2.29798
2.06947
1.84032
1.61094
1.38169
1.15285
0.924665
0.697325
0.471004
0.245839
0.0219487
-0.20057
-0.421635
-0.641181
-0.859151
-1.0755
-1.2902
-1.50321
-1.71452
-1.92411
-2.13196
-2.33808
-2.54246
-2.7451
-2.94599
-3.14516
-3.3426
-3.53833
-3.73235
-3.92468
-4.11533
-4.30431
-4.49165
-4.67735
-4.86143
-5.04392
-5.22482
-5.40416
-5.58195
-5.75821
-5.93296
-6.10622
-6.27801
-6.44833
-6.61723
-6.7847
-6.95077
-7.11547
-7.27879
-7.44077
-7.60143
-7.76077
-7.91881
-8.07559
-8.2311
-8.38537
-8.53841
-8.69025
-8.84089
-8.99035
-9.13865
-9.28581
-9.43184
-9.57675
-9.72056
-9.86328
-10.0049
-10.1455
-10.2851
-10.4236
-10.5611
-10.6976
-10.8331
-10.9677
-11.1012
-11.2339
-11.3656
-11.4963
-11.6262
-11.7551
-11.8831
-12.0103
-12.1366
-12.2621
-12.3866
-12.5104
-12.6333
-12.7554
-12.8768
-12.9973
-13.117
-13.2359
-13.3541
-13.4715
-13.5882
-13.7042
-13.8194
-13.9338
-14.0476
-14.1607
-14.273
-14.3847
-14.4957
-14.606
-14.7157
-14.8247
-14.9331
-15.0408
-15.1478
-15.2543
-15.3601
-15.4653
-15.5699
-15.6739
-15.7773
-15.8802
-15.9824
-16.0841
-16.1852
-16.2857
-16.3857
-16.4851
-16.584
-16.6824
-16.7802
-16.8775
-16.9743
-17.0705
-17.1663
-17.2615
-17.3562
-17.4505
-17.5442
-17.6375
-17.7303
-17.8226
-17.9144
-18.0058
-18.0967
-18.1872
-18.2772
-18.3667
-18.4558
-18.5445
-18.6328
-18.7206
-18.8079
-18.8949
-18.9814
-19.0676
-19.1533
-19.2386
-19.3235
-19.408
-19.4921
-19.5758
-19.6592
-19.7421
-19.8247
-19.9069
-19.9887
-20.0701
-20.1512
-20.2319
-20.3123
-20.3922
-20.4719
-20.5512
-20.6301
-20.7087
-20.7869
-20.8648
-20.9424
-21.0196
-21.0966
-21.1731
-21.2494
-21.3253
-21.4009
-21.4762
-21.5512
-21.6258
-21.7002
-21.7742
-21.848
-21.9214
-21.9946
-22.0674
-22.14
-22.2122
-22.2842
-22.3558
-22.4272
-22.4983
-22.5692
-22.6397
-22.71
-22.78
-22.8497
-22.9192
-22.9883
-23.0573
-23.1259
-23.1943
-23.2624
-23.3303
-23.3979
-23.4653
-23.5324
-23.5992
-23.6659
-23.7322
-23.7983
-23.8642
-23.9298
-23.9952
-24.0604
-24.1253
-24.19
-24.2544
-24.3186
-24.3826
-24.4464
-24.5099
-24.5732
-24.6363
-24.6991
-24.7618
-24.8242
-24.8864
-24.9484
-25.0102
-25.0717
-25.1331
-25.1942
-25.2551
-25.3158
-25.3764
-25.4367
-25.4968
-25.5567
-25.6164
-25.6759
-25.7352
-25.7943
-25.8532
-25.9119
-25.9705
-26.0288
-26.0869
-26.1449
-26.2026
-26.2602
-26.3176
-26.3748
-26.4319
-26.4887
-26.5454
-26.6018
-26.6581
-26.7143
-26.7702
-26.826
-26.8816
-26.937
-26.9922
-27.0473
-27.1022
-27.157
-27.2115
-27.266
-27.3202
-27.3743
-27.4282
-27.4819
-27.5355
-27.5889
-27.6422
-27.6953
-27.7482
-27.801
-27.8536
-27.9061
-27.9584
-28.0106
-28.0626
-28.1144
-28.1661
-28.2177
-28.2691
-28.3203
-28.3714
-28.4224
-28.4732
-28.5239
-28.5744
-28.6247
-28.675
-28.7251
-28.775
-28.8248
-28.8745
-28.924
-28.9734
-29.0226
-29.0717
-29.1207
-29.1696
-29.2183
-29.2668
-29.3153
-29.3636
-29.4117
-29.4598
-29.5077
-29.5554
-29.6031
-29.6506
-29.698
-29.7452
-29.7924
-29.8394
-29.8863
-29.933
-29.9796
-30.0261
-30.0725
-30.1188
-30.1649
-30.2109
-30.2568
-30.3026
-30.3483
-30.3938
-30.4392
-30.4845
-30.5297
-30.5748
-30.6197
-30.6645
-30.7093
-30.7539
-30.7984
-30.8427
-30.887
-30.9311
-30.9752
-31.0191
-31.0629
-31.1066
-31.1502
-31.1937
-31.2371
-31.2804
-31.3235
-31.3666
-31.4095
-31.4524
-31.4951
-31.5377
-31.5803
-31.6227
-31.665
-31.7072
-31.7493
-31.7914
-31.8333
-31.8751
-31.9168
-31.9584
-31.9999
-32.0413
-32.0826
-32.1238
-32.1649
-32.2059
-32.2468
-32.2876
-32.3284
-32.369
-32.4095
-32.4499
-32.4903
-32.5305
-32.5707
-32.6107
-32.6507
-32.6906
-32.7303
-32.77
-32.8096
-32.8491
-32.8885
-32.9278
-32.9671
-33.0062
-33.0452
-33.0842
-33.1231
-33.1619
-33.2005
-33.2392
-33.2777
-33.3161
-33.3544
-33.3927
-33.4309
-33.469
-33.507
-33.5449
-33.5827
-33.6205
-33.6581
-33.6957
-33.7332
-33.7706
-33.808
-33.8452
-33.8824
-33.9195
-33.9565
-33.9934
-34.0303
-34.067
-34.1037
-34.1403
-34.1768
-34.2133
-34.2496
-34.2859
-34.3222
-34.3583
-34.3943
-34.4303
-34.4662
-34.5021
-34.5378
-34.5735
-34.6091
-34.6446
-34.68
-34.7154
-34.7507
-34.7859
-34.8211
-34.8562
-34.8912
-34.9261
-34.961
-34.9957
-35.0305
-35.0651
-35.0997
-35.1342
-35.1686
-35.2029
-35.2372
-35.2714
-35.3056
-35.3396
-35.3737
-35.4076
-35.4414
-35.4752
-35.509
-35.5426
-35.5762
-35.6097
-35.6432
-35.6766
-35.7099
-35.7432
-35.7763
-35.8095
-35.8425
-35.8755
-35.9084
-35.9413
-35.9741
-36.0068
-36.0394
-36.072
-36.1046
-36.137
-36.1694
-36.2018
-36.2341
-36.2663
-36.2984
-36.3305
-36.3625
-36.3945
-36.4264
-36.4582
-36.49
-36.5217
-36.5534
-36.5849
-36.6165
-36.6479
-36.6794
-36.7107
-36.742
-36.7732
-36.8044
-36.8355
-36.8665
-36.8975
-36.9285
-36.9593
-36.9901
-37.0209
-37.0516
-37.0822
-37.1128
-37.1433
-37.1738
-37.2042
-37.2345
-37.2648
-37.2951
-37.3253
-37.3554
-37.3854
-37.4155
-37.4454
-37.4753
-37.5052
-37.5349
-37.5647
-37.5944
-37.624
-37.6536
-37.6831
-37.7125
-37.7419
-37.7713
-37.8006
-37.8298
-37.859
-37.8882
-37.9173
-37.9463
-37.9753
-38.0042
-38.0331
-38.0619
-38.0907
-38.1194
-38.1481
-38.1767
-38.2052
-38.2338
-38.2622
-38.2906
-38.319
-38.3473
-38.3756
-38.4038
-38.4319
-38.4601
-38.4881
-38.5161
-38.5441
-38.572
-38.5999
-38.6277
-38.6554
-38.6831
-38.7108
-38.7384
-38.766
-38.7935
-38.821
-38.8484
-38.8758
-38.9031
-38.9304
-38.9576
-38.9848
-39.012
-39.0391
-39.0661
-39.0931
-39.1201
-39.147
-39.1738
-39.2007
-39.2274
-39.2541
-39.2808
-39.3075
-39.334
-39.3606
-39.3871
-39.4135
-39.4399
-39.4663
-39.4926
-39.5189
-39.5451
-39.5713
-39.5974
-39.6235
-39.6496
-39.6756
-39.7015
-39.7275
-39.7533
-39.7792
-39.805
-39.8307
-39.8564
-39.8821
-39.9077
-39.9333
-39.9588
-39.9843
-40.0097
-40.0351
-40.0605
-40.0858
-40.1111
-40.1364
-40.1616
-40.1867
-40.2118
-40.2369
-40.2619
-40.2869
-40.3119
-40.3368
-40.3617
-40.3865
-40.4113
-40.436
-40.4607
-40.4854
-40.51
-40.5346
-40.5592
-40.5837
-40.6081
-40.6326
-40.657
-40.6813
-40.7056
-40.7299
-40.7541
-40.7783
-40.8025
-40.8266
-40.8507
-40.8747
-40.8987
-40.9227
-40.9466
-40.9705
-40.9944
-41.0182
-41.042
-41.0657
-41.0894
-41.1131
-41.1367
-41.1603
-41.1838
-41.2073
-41.2308
-41.2543
-41.2777
-41.301
-41.3244
-41.3477
-41.3709
-41.3941
-41.4173
-41.4405
-41.4636
-41.4867
-41.5097
-41.5327
-41.5557
-41.5786
-41.6015
-41.6244
-41.6472
-41.67
-41.6928
-41.7155
-41.7382
-41.7608
-41.7835
-41.806
-41.8286
-41.8511
-41.8736
-41.896
-41.9185
-41.9408
-41.9632
-41.9855
-42.0078
-42.03
-42.0522
-42.0744
-42.0966
-42.1187
-42.1407
-42.1628
-42.1848
-42.2068
-42.2287
-42.2506
-42.2725
-42.2944
-42.3162
-42.338
-42.3597
-42.3814
-42.4031
-42.4248
-42.4464
-42.468
-42.4895
-42.511
-42.5325
-42.554
-42.5754
-42.5968
-42.6182
-42.6395
-42.6608
-42.6821
-42.7033
-42.7245
-42.7457
-42.7669
-42.788
-42.8091
-42.8301
-42.8511
-42.8721
-42.8931
-42.914
-42.9349
-42.9558
-42.9766
-42.9974
-43.0182
-43.039
-43.0597
-43.0804
-43.101
-43.1217
-43.1423
-43.1628
-43.1834
-43.2039
-43.2244
-43.2448
-43.2652
-43.2856
-43.306
-43.3263
-43.3466
-43.3669
-43.3872
-43.4074
-43.4276
-43.4477
-43.4679
-43.488
-43.508
-43.5281
-43.5481
-43.5681
-43.5881
-43.608
-43.6279
-43.6478
-43.6676
-43.6875
-43.7073
-43.727
-43.7468
-43.7665
-43.7862
-43.8058
-43.8254
-43.845
-43.8646
-43.8842
-43.9037
-43.9232
-43.9426
-43.9621
-43.9815
-44.0009
-44.0202
-44.0396
-44.0589
-44.0781
-44.0974
-44.1166
-44.1358
-44.155
-44.1741
-44.1932
-44.2123
-44.2314
-44.2504
-44.2695
-44.2884
-44.3074
-44.3263
-44.3452
-44.3641
-44.383
-44.4018
-44.4206
-44.4394
-44.4582
-44.4769
-44.4956
-44.5143
-44.5329
-44.5516
-44.5702
-44.5887
-44.6073
-44.6258
-44.6443
-44.6628
-44.6813
-44.6997
-44.7181
-44.7365
-44.7548
-44.7732
-44.7915
-44.8097
-44.828
-44.8462
-44.8644
-44.8826
-44.9008
-44.9189
-44.937
-44.9551
-44.9732
-44.9912
-45.0092
-45.0272
-45.0452
-45.0631
-45.081
-45.0989
-45.1168
-45.1347
-45.1525
-45.1703
-45.1881
-45.2058
-45.2236
-45.2413
-45.2589
-45.2766
-45.2942
-45.3119
-45.3295
-45.347
-45.3646
-45.3821
-45.3996
-45.4171
-45.4345
-45.452
-45.4694
-45.4868
-45.5041
-45.5215
-45.5388
-45.5561
-45.5734
-45.5906
-45.6078
-45.625
-45.6422
-45.6594
-45.6765
-45.6937
-45.7108
-45.7278
-45.7449
-45.7619
-45.7789
-45.7959
-45.8129
-45.8298
-45.8468
-45.8637
-45.8805
-45.8974
-45.9142
-45.931
-45.9478
-45.9646
-45.9814
-45.9981
-46.0148
-46.0315
-46.0482
-46.0648
-46.0814
-46.098
-46.1146
-46.1312
-46.1477
-46.1642
-46.1807
-46.1972
-46.2137
-46.2301
-46.2465
-46.2629
-46.2793
-46.2957
-46.312
-46.3283
-46.3446
-46.3609
-46.3771
-46.3934
-46.4096
-46.4258
-46.4419
-46.4581
-46.4742
-46.4903
-46.5064
-46.5225
-46.5385
-46.5546
-46.5706
-46.5866
-46.6026
-46.6185
-46.6344
-46.6504
-46.6663
-46.6821
-46.698
-46.7138
-46.7296
-46.7454
-46.7612
-46.777
-46.7927
-46.8084
-46.8241
-46.8398
-46.8555
-46.8711
-46.8867
-46.9023
-46.9179
-46.9335
-46.949
-46.9646
-46.9801
-46.9956
-47.011
-47.0265
-47.0419
-47.0574
-47.0728
-47.0881
-47.1035
-47.1188
-47.1342
-47.1495
-47.1648
2.3844
2.71093
2.90129
3.03472
3.13674
3.21883
3.28716
3.34541
3.39598
3.4405
3.48015
3.51577
3.54803
3.57744
3.6044
3.62924
3.65221
3.67355
3.69344
3.71202
3.72944
3.74581
3.76123
3.77578
3.78954
3.80257
3.81494
3.82669
3.83788
3.84854
3.85871
3.86842
3.87771
3.88661
3.89514
3.90331
3.91117
3.91871
3.92597
3.93295
3.93968
3.94616
3.95241
3.95845
3.96427
3.9699
3.97535
3.98061
3.98571
3.99065
3.99543
4.00007
4.00456
4.00892
4.01316
4.01727
4.02126
4.02514
4.02891
4.03258
4.03615
4.03962
4.043
4.0463
4.0495
4.05263
4.05568
4.05865
4.06155
4.06437
4.06713
4.06982
4.07245
4.07502
4.07753
4.07998
4.08237
4.08471
4.087
4.08924
4.09143
4.09357
4.09567
4.09772
4.09973
4.1017
4.10363
4.10551
4.10736
4.10917
4.11095
4.11269
4.1144
4.11607
4.11771
4.11932
4.1209
4.12245
4.12397
4.12547
4.12693
4.12837
4.12979
4.13117
4.13254
4.13388
4.13519
4.13649
4.13776
4.139
4.14023
4.14144
4.14263
4.14379
4.14494
4.14607
4.14718
4.14827
4.14935
4.15041
4.15145
4.15247
4.15348
4.15447
4.15545
4.15641
4.15736
4.15829
4.15921
4.16012
4.16101
4.16189
4.16276
4.16361
4.16445
4.16528
4.1661
4.16691
4.1677
4.16848
4.16925
4.17002
4.17077
4.17151
4.17224
4.17296
4.17367
4.17437
4.17506
4.17575
4.17642
4.17708
4.17774
4.17839
4.17903
4.17966
4.18028
4.1809
4.1815
4.1821
4.1827
4.18328
4.18386
4.18443
4.18499
4.18555
4.1861
4.18664
4.18718
4.18771
4.18823
4.18875
4.18926
4.18977
4.19027
4.19076
4.19125
4.19173
4.19221
4.19268
4.19315
4.19361
4.19407
4.19452
4.19496
4.19541
4.19584
4.19627
4.1967
4.19712
4.19754
4.19795
4.19836
4.19876
4.19916
4.19956
4.19995
4.20034
4.20072
4.2011
4.20148
4.20185
4.20222
4.20258
4.20294
4.2033
4.20365
4.204
4.20435
4.20469
4.20503
4.20536
4.2057
4.20603
4.20635
4.20668
4.207
4.20731
4.20763
4.20794
4.20825
4.20855
4.20885
4.20915
4.20945
4.20974
4.21003
4.21032
4.21061
4.21089
4.21117
4.21145
4.21172
4.21199
4.21227
4.21253
4.2128
4.21306
4.21332
4.21358
4.21384
4.21409
4.21434
4.21459
4.21484
4.21509
4.21533
4.21557
4.21581
4.21605
4.21628
4.21651
4.21674
4.21697
4.2172
4.21743
4.21765
4.21787
4.21809
4.21831
4.21853
4.21874
4.21895
4.21916
4.21937
4.21958
4.21979
4.21999
4.22019
4.22039
4.22059
4.22079
4.22099
4.22118
4.22137
4.22157
4.22176
4.22195
4.22213
4.22232
4.2225
4.22269
4.22287
4.22305
4.22323
4.2234
4.22358
4.22376
4.22393
4.2241
4.22427
4.22444
4.22461
4.22478
4.22494
4.22511
4.22527
4.22543
4.2256
4.22576
4.22592
4.22607
4.22623
4.22639
4.22654
4.22669
4.22685
4.227
4.22715
4.2273
4.22744
4.22759
4.22774
4.22788
4.22803
4.22817
4.22831
4.22845
4.22859
4.22873
4.22887
4.22901
4.22914
4.22928
4.22941
4.22955
4.22968
4.22981
4.22994
4.23007
4.2302
4.23033
4.23046
4.23059
4.23071
4.23084
4.23096
4.23108
4.23121
4.23133
4.23145
4.23157
4.23169
4.23181
4.23193
4.23204
4.23216
4.23228
4.23239
4.23251
4.23262
4.23273
4.23285
4.23296
4.23307
4.23318
4.23329
4.2334
4.23351
4.23361
4.23372
4.23383
4.23393
4.23404
4.23414
4.23425
4.23435
4.23445
4.23455
4.23465
4.23475
4.23486
4.23495
4.23505
4.23515
4.23525
4.23535
4.23544
4.23554
4.23564
4.23573
4.23583
4.23592
4.23601
4.23611
4.2362
4.23629
4.23638
4.23647
4.23656
4.23665
4.23674
4.23683
4.23692
4.23701
4.23709
4.23718
4.23727
4.23735
4.23744
4.23752
4.23761
4.23769
4.23777
4.23786
4.23794
4.23802
4.2381
4.23819
4.23827
4.23835
4.23843
4.23851
4.23859
4.23866
4.23874
4.23882
4.2389
4.23898
4.23905
4.23913
4.2392
4.23928
4.23935
4.23943
4.2395
4.23958
4.23965
4.23972
4.2398
4.23987
4.23994
4.24001
4.24008
4.24016
4.24023
4.2403
4.24037
4.24044
4.24051
4.24057
4.24064
4.24071
4.24078
4.24085
4.24091
4.24098
4.24105
4.24111
4.24118
4.24124
4.24131
4.24137
4.24144
4.2415
4.24157
4.24163
4.24169
4.24176
4.24182
4.24188
4.24194
4.24201
4.24207
4.24213
4.24219
4.24225
4.24231
4.24237
4.24243
4.24249
4.24255
4.24261
4.24267
4.24273
4.24278
4.24284
4.2429
4.24296
4.24301
4.24307
4.24313
4.24318
4.24324
4.2433
4.24335
4.24341
4.24346
4.24352
4.24357
4.24363
4.24368
4.24373
4.24379
4.24384
4.24389
4.24395
4.244
4.24405
4.2441
4.24416
4.24421
4.24426
4.24431
4.24436
4.24441
4.24446
4.24451
4.24456
4.24461
4.24466
4.24471
4.24476
4.24481
4.24486
4.24491
4.24496
4.24501
4.24505
4.2451
4.24515
4.2452
4.24524
4.24529
4.24534
4.24538
4.24543
4.24548
4.24552
4.24557
4.24561
4.24566
4.24571
4.24575
4.2458
4.24584
4.24588
4.24593
4.24597
4.24602
4.24606
4.2461
4.24615
4.24619
4.24623
4.24628
4.24632
4.24636
4.24641
4.24645
4.24649
4.24653
4.24657
4.24661
4.24666
4.2467
4.24674
4.24678
4.24682
4.24686
4.2469
4.24694
4.24698
4.24702
4.24706
4.2471
4.24714
4.24718
4.24722
4.24726
4.2473
4.24734
4.24737
4.24741
4.24745
4.24749
4.24753
4.24756
4.2476
4.24764
4.24768
4.24771
4.24775
4.24779
4.24783
4.24786
4.2479
4.24794
4.24797
4.24801
4.24804
4.24808
4.24812
4.24815
4.24819
4.24822
4.24826
4.24829
4.24833
4.24836
4.2484
4.24843
4.24847
4.2485
4.24853
4.24857
4.2486
4.24864
4.24867
4.2487
4.24874
4.24877
4.2488
4.24884
4.24887
4.2489
4.24894
4.24897
4.249
4.24903
4.24907
4.2491
4.24913
4.24916
4.24919
4.24923
4.24926
4.24929
4.24932
4.24935
4.24938
4.24941
4.24944
4.24948
4.24951
4.24954
4.24957
4.2496
4.24963
4.24966
4.24969
4.24972
4.24975
4.24978
4.24981
4.24984
4.24987
4.2499
4.24993
4.24995
4.24998
4.25001
4.25004
4.25007
4.2501
4.25013
4.25016
4.25018
4.25021
4.25024
4.25027
4.2503
4.25032
4.25035
4.25038
4.25041
4.25044
4.25046
4.25049
4.25052
4.25055
4.25057
4.2506
4.25063
4.25065
4.25068
4.25071
4.25073
4.25076
4.25079
4.25081
4.25084
4.25086
4.25089
4.25092
4.25094
4.25097
4.25099
4.25102
4.25105
4.25107
4.2511
4.25112
4.25115
4.25117
4.2512
4.25122
4.25125
4.25127
4.2513
4.25132
4.25135
4.25137
4.25139
4.25142
4.25144
4.25147
4.25149
4.25152
4.25154
4.25156
4.25159
4.25161
4.25164
4.25166
4.25168
4.25171
4.25173
4.25175
4.25178
4.2518
4.25182
4.25185
4.25187
4.25189
4.25191
4.25194
4.25196
4.25198
4.252
4.25203
4.25205
4.25207
4.25209
4.25212
4.25214
4.25216
4.25218
4.25221
4.25223
4.25225
4.25227
4.25229
4.25231
4.25234
4.25236
4.25238
4.2524
4.25242
4.25244
4.25246
4.25248
4.25251
4.25253
4.25255
4.25257
4.25259
4.25261
4.25263
4.25265
4.25267
4.25269
4.25271
4.25273
4.25275
4.25277
4.25279
4.25281
4.25283
4.25285
4.25287
4.25289
4.25291
4.25293
4.25295
4.25297
4.25299
4.25301
4.25303
4.25305
4.25307
4.25309
4.25311
4.25313
4.25315
4.25317
4.25319
4.25321
4.25323
4.25324
4.25326
4.25328
4.2533
4.25332
4.25334
4.25336
4.25338
4.25339
4.25341
4.25343
4.25345
4.25347
4.25349
4.2535
4.25352
4.25354
4.25356
4.25358
4.25359
4.25361
4.25363
4.25365
4.25367
4.25368
4.2537
4.25372
4.25374
4.25375
4.25377
4.25379
4.25381
4.25382
4.25384
4.25386
4.25388
4.25389
4.25391
4.25393
4.25394
4.25396
4.25398
4.254
4.25401
4.25403
4.25405
4.25406
4.25408
4.2541
4.25411
4.25413
4.25415
4.25416
4.25418
4.25419
4.25421
4.25423
4.25424
4.25426
4.25428
4.25429
4.25431
4.25432
4.25434
4.25436
4.25437
4.25439
4.2544
4.25442
4.25444
4.25445
4.25447
4.25448
4.2545
4.25451
4.25453
4.25454
4.25456
4.25458
4.25459
4.25461
4.25462
4.25464
4.25465
4.25467
4.25468
4.2547
4.25471
4.25473
4.25474
4.25476
4.25477
4.25479
4.2548
4.25482
4.25483
4.25485
4.25486
4.25488
4.25489
4.2549
4.25492
4.25493
4.25495
4.25496
4.25498
4.25499
4.25501
4.25502
4.25503
4.25505
4.25506
4.25508
4.25509
4.25511
4.25512
4.25513
4.25515
4.25516
4.25518
4.25519
4.2552
4.25522
4.25523
4.25524
4.25526
4.25527
4.25529
4.2553
4.25531
4.25533
4.25534
4.25535
4.25537
4.25538
4.25539
4.25541
4.25542
4.25543
4.25545
4.25546
4.25547
4.25549
4.2555
4.25551
4.25553
4.25554
4.25555
4.25556
4.25558
4.25559
4.2556
4.25562
4.25563
4.25564
4.25565
4.25567
4.25568
4.25569
4.25571
4.25572
4.25573
4.25574
4.25576
4.25577
4.25578
4.25579
4.25581
4.25582
4.25583
4.25584
4.25586
4.25587
4.25588
4.25589
4.2559
4.25592
4.25593
4.25594
4.25595
4.25596
4.25598
4.25599
4.256
4.25601
4.25602
4.25604
4.25605
4.25606
4.25607
4.25608
4.2561
4.25611
4.25612
4.25613
4.25614
4.25615
4.25617
4.25618
4.25619
4.2562
4.25621
4.25622
4.25623
4.25625
4.25626
4.25627
4.25628
4.25629
4.2563
4.25631
