11.373
13.0488
13.8288
14.2543
14.4909
14.6113
14.6537
14.6411
14.5879
14.5038
14.3961
14.2696
14.1283
13.975
13.8122
13.6416
13.4647
13.2826
13.0965
12.9071
12.715
12.521
12.3254
12.1286
11.9311
11.7332
11.535
11.3368
11.1388
10.9412
10.744
10.5475
10.3518
10.1569
9.96288
9.76985
9.57786
9.38696
9.1972
9.00859
8.8212
8.63503
8.45009
8.26644
8.08404
7.90295
7.72314
7.54464
7.36745
7.19155
7.01697
6.84369
6.67169
6.50101
6.33161
6.16349
5.99664
5.83106
5.66674
5.50367
5.34184
5.18123
5.02185
4.86368
4.70668
4.5509
4.39627
4.2428
4.09049
3.93932
3.78925
3.64032
3.49248
3.34574
3.20007
3.05546
2.9119
2.7694
2.62791
2.48745
2.34799
2.20952
2.07205
1.93556
1.80001
1.66536
1.53173
1.39898
1.26716
1.13626
1.00617
0.87711
0.74877
0.62134
0.49485
0.36908
0.24425
0.12024
-0.00304
-0.12546
-0.24717
-0.36794
-0.48805
-0.60734
-0.72588
-0.84377
-0.96083
-1.07713
-1.19269
-1.3076
-1.42175
-1.53526
-1.64811
-1.76022
-1.87156
-1.98236
-2.09249
-2.20187
-2.31069
-2.41885
-2.52634
-2.63329
-2.73957
-2.84529
-2.95035
-3.05473
-3.15866
-3.26192
-3.36462
-3.46674
-3.5683
-3.66929
-3.76981
-3.86967
-3.96906
-4.06786
-4.1661
-4.26387
-4.36108
-4.45781
-4.55407
-4.64973
-4.74494
-4.83967
-4.93383
-5.02762
-5.12082
-5.21355
-5.3059
-5.39767
-5.48907
-5.58
-5.67044
-5.7604
-5.84998
-5.93908
-6.02781
-6.11606
-6.20383
-6.29121
-6.37821
-6.46483
-6.55097
-6.63663
-6.72201
-6.8069
-6.89151
-6.97564
-7.05938
-7.14274
-7.22572
-7.30831
-7.39052
-7.47244
-7.55388
-7.63504
-7.71581
-7.79619
-7.87619
-7.95589
-8.03521
-8.11426
-8.1928
-8.27117
-8.34916
-8.42674
-8.50405
-8.58097
-8.6576
-8.73393
-8.80988
-8.88565
-8.96093
-9.03602
-9.11072
-9.18513
-9.25925
-9.33308
-9.40653
-9.47978
-9.55264
-9.62531
-9.69759
-9.76969
-9.8414
-9.91291
-9.98404
-10.055
-10.1255
-10.1959
-10.2659
-10.3358
-10.4053
-10.4746
-10.5436
-10.6123
-10.6808
-10.7489
-10.8169
-10.8846
-10.952
-11.0192
-11.0861
-11.1528
-11.2193
-11.2855
-11.3514
-11.4172
-11.4826
-11.5478
-11.6128
-11.6775
-11.7421
-11.8064
-11.8704
-11.9343
-11.9979
-12.0612
-12.1244
-12.1874
-12.2501
-12.3126
-12.3749
-12.4369
-12.4988
-12.5604
-12.6218
-12.6831
-12.7441
-12.8048
-12.8655
-12.9258
-12.986
-13.046
-13.1058
-13.1654
-13.2248
-13.284
-13.343
-13.4018
-13.4604
-13.5188
-13.577
-13.635
-13.6929
-13.7506
-13.808
-13.8653
-13.9223
-13.9793
-14.036
-14.0926
-14.149
-14.2052
-14.2613
-14.317
-14.3727
-14.4283
-14.4836
-14.5388
-14.5938
-14.6486
-14.7032
-14.7577
-14.812
-14.8662
-14.9201
-14.974
-15.0276
-15.0812
-15.1345
-15.1876
-15.2407
-15.2935
-15.3462
-15.3988
-15.4512
-15.5034
-15.5555
-15.6074
-15.6592
-15.7109
-15.7623
-15.8136
-15.8648
-15.9159
-15.9668
-16.0174
-16.068
-16.1185
-16.1688
-16.219
-16.269
-16.3189
-16.3686
-16.4183
-16.4677
-16.517
-16.5662
-16.6152
-16.6642
-16.7129
-16.7615
-16.8101
-16.8585
-16.9067
-16.9548
-17.0028
-17.0507
-17.0983
-17.146
-17.1934
-17.2407
-17.288
-17.335
-17.382
-17.4288
-17.4755
-17.5221
-17.5686
-17.6149
-17.6611
-17.7071
-17.7531
-17.799
-17.8447
-17.8903
-17.9358
-17.9812
-18.0265
-18.0716
-18.1166
-18.1615
-18.2063
-18.251
-18.2955
-18.3399
-18.3844
-18.4286
-18.4727
-18.5166
-18.5605
-18.6043
-18.648
-18.6915
-18.735
-18.7783
-18.8215
-18.8647
-18.9077
-18.9507
-18.9934
-19.0361
-19.0787
-19.1212
-19.1636
-19.2058
-19.2481
-19.2901
-19.3321
-19.374
-19.4157
-19.4575
-19.4991
-19.5405
-19.5819
-19.6232
-19.6643
-19.7054
-19.7464
-19.7873
-19.828
-19.8687
-19.9093
-19.9498
-19.9903
-20.0306
-20.0707
-20.1108
-20.1509
-20.1908
-20.2307
-20.2704
-20.3101
-20.3497
-20.3891
-20.4285
-20.4678
-20.507
-20.5461
-20.5851
-20.6241
-20.6629
-20.7016
-20.7404
-20.779
-20.8175
-20.8558
-20.8942
-20.9324
-20.9705
-21.0086
-21.0466
-21.0845
-21.1223
-21.1601
-21.1977
-21.2352
-21.2728
-21.3101
-21.3474
-21.3846
-21.4218
-21.4589
-21.4958
-21.5328
-21.5696
-21.6064
-21.643
-21.6796
-21.7161
-21.7525
-21.7889
-21.8251
-21.8614
-21.8974
-21.9335
-21.9695
-22.0054
-22.0411
-22.0769
-22.1125
-22.1482
-22.1837
-22.2191
-22.2545
-22.2897
-22.3249
-22.3601
-22.3951
-22.4301
-22.4651
-22.4999
-22.5347
-22.5693
-22.604
-22.6385
-22.6731
-22.7074
-22.7418
-22.7761
-22.8103
-22.8443
-22.8784
-22.9124
-22.9464
-22.9801
-23.014
-23.0477
-23.0813
-23.1149
-23.1485
-23.1819
-23.2152
-23.2485
-23.2818
-23.315
-23.3481
-23.3812
-23.4141
-23.4471
-23.4799
-23.5127
-23.5453
-23.578
-23.6106
-23.6431
-23.6755
-23.7079
-23.7403
-23.7725
-23.8047
-23.8369
-23.869
-23.901
-23.9329
-23.9649
-23.9966
-24.0285
-24.0602
-24.0918
-24.1234
-24.1549
-24.1864
-24.2177
-24.2491
-24.2803
-24.3116
-24.3428
-24.3739
-24.4049
-24.4359
-24.4668
-24.4976
-24.5285
-24.5593
-24.5899
-24.6205
-24.6511
-24.6816
-24.7121
-24.7425
-24.7728
-24.8031
-24.8333
-24.8635
-24.8936
-24.9237
-24.9538
-24.9837
-25.0135
-25.0434
-25.0732
-25.1029
-25.1326
-25.1622
-25.1918
-25.2213
-25.2508
-25.2802
-25.3095
-25.3388
-25.368
-25.3972
-25.4264
-25.4554
-25.4844
-25.5135
-25.5424
-25.5713
-25.6001
-25.6288
-25.6576
-25.6862
-25.7149
-25.7434
-25.7719
-25.8004
-25.8287
-25.8572
-25.8854
-25.9137
-25.9419
-25.9701
-25.9982
-26.0263
-26.0542
-26.0823
-26.1101
-26.138
-26.1658
-26.1936
-26.2213
-26.249
-26.2765
-26.3041
-26.3316
-26.3591
-26.3865
-26.4139
-26.4413
-26.4685
-26.4957
-26.5229
-26.5501
-26.5771
-26.6042
-26.6312
-26.6582
-26.6851
-26.7119
-26.7388
-26.7655
-26.7922
-26.819
-26.8455
-26.8721
-26.8986
-26.9252
-26.9516
-26.978
-27.0044
-27.0307
-27.0569
-27.0832
-27.1094
-27.1355
-27.1616
-27.1877
-27.2136
-27.2396
-27.2656
-27.2915
-27.3172
-27.3431
-27.3688
-27.3945
-27.4202
-27.4458
-27.4714
-27.4969
-27.5224
-27.5479
-27.5732
-27.5986
-27.6239
-27.6492
-27.6744
-27.6996
-27.7248
-27.75
-27.775
-27.8
-27.825
-27.85
-27.8749
-27.8997
-27.9246
-27.9494
-27.9742
-27.9989
-28.0235
-28.0481
-28.0727
-28.0973
-28.1218
-28.1462
-28.1707
-28.1951
-28.2194
-28.2438
-28.2681
-28.2922
-28.3164
-28.3406
-28.3647
-28.3888
-28.4129
-28.4369
-28.4609
-28.4847
-28.5086
-28.5325
-28.5563
-28.5801
-28.6039
-28.6276
-28.6513
-28.6748
-28.6984
-28.722
-28.7455
-28.769
-28.7924
-28.8158
-28.8392
-28.8626
-28.8859
-28.9091
-28.9323
-28.9556
-28.9786
-29.0017
-29.0248
-29.0479
-29.0709
-29.0939
-29.1168
-29.1397
-29.1626
-29.1854
-29.2082
-29.231
-29.2537
-29.2764
-29.2991
-29.3217
-29.3443
-29.3668
-29.3894
-29.4118
-29.4343
-29.4567
-29.4791
-29.5014
-29.5238
-29.546
-29.5683
-29.5905
-29.6127
-29.6348
-29.6569
-29.679
-29.7011
-29.7231
-29.745
-29.767
-29.7889
-29.8108
-29.8326
-29.8544
-29.8762
-29.898
-29.9198
-29.9415
-29.9631
-29.9847
-30.0063
-30.0279
-30.0494
-30.0709
-30.0923
-30.1137
-30.1351
-30.1565
-30.1778
-30.1991
-30.2204
-30.2417
-30.2629
-30.2841
-30.3052
-30.3263
-30.3474
-30.3685
-30.3895
-30.4105
-30.4315
-30.4524
-30.4733
-30.4942
-30.515
-30.5358
-30.5566
-30.5774
-30.5981
-30.6188
-30.6395
-30.6601
-30.6807
-30.7012
-30.7218
-30.7424
-30.7628
-30.7833
-30.8037
-30.8241
-30.8444
-30.8647
-30.8851
-30.9054
-30.9256
-30.9458
-30.966
-30.9863
-31.0064
-31.0265
-31.0465
-31.0666
-31.0866
-31.1066
-31.1266
-31.1465
-31.1664
-31.1863
-31.2061
-31.226
-31.2458
-31.2655
-31.2853
-31.305
-31.3247
-31.3444
-31.364
-31.3836
-31.4031
-31.4227
-31.4422
-31.4617
-31.4812
-31.5007
-31.5201
-31.5394
-31.5588
-31.5781
-31.5975
-31.6167
-31.636
-31.6552
-31.6744
-31.6936
-31.7127
-31.7319
-31.751
-31.77
-31.789
-31.808
-31.8271
-31.846
-31.865
-31.8839
-31.9028
-31.9216
-31.9404
-31.9593
-31.9781
-31.9968
-32.0155
-32.0343
-32.053
-32.0716
-32.0903
-32.1089
-32.1274
-32.146
-32.1646
-32.183
-32.2015
-32.2199
-32.2384
-32.2568
-32.2752
-32.2936
-32.3119
-32.3302
-32.3485
-32.3668
-32.385
-32.4031
-32.4214
-32.4395
-32.4577
-32.4758
-32.4939
-32.5119
-32.53
-32.548
-32.566
-32.584
-32.6019
-32.6198
-32.6378
-32.6556
-32.6734
-32.6913
-32.7091
-32.7269
-32.7447
-32.7624
-32.7801
-32.7978
-32.8155
-32.8331
-32.8507
-32.8683
-32.8858
-32.9035
-32.921
-32.9385
-32.956
-32.9734
-32.9909
-33.0083
-33.0256
-33.0431
-33.0604
-33.0777
-33.095
-33.1123
-33.1295
-33.1468
-33.164
-33.1812
-33.1983
-33.2154
-33.2326
-33.2497
-33.2668
-33.2839
-33.3009
-33.3179
-33.3349
-33.3518
-33.3688
-33.3857
-33.4027
-33.4195
-33.4364
-33.4533
-33.47
-33.4868
-33.5036
-33.5203
-33.5371
-33.5538
-33.5706
-33.5872
-33.6038
-33.6205
-33.6371
-33.6537
-33.6702
-33.6867
-33.7033
-33.7198
-33.7363
-33.7527
-33.7691
-33.7856
-33.802
-33.8184
-33.8347
-33.8511
-33.8674
-33.8837
-33.9
-33.9162
-33.9325
-33.9487
-33.9649
-33.9811
-33.9972
-34.0134
-34.0294
-34.0456
-34.0616
-34.0777
-34.0937
-34.1098
-34.1257
-34.1417
-34.1577
-34.1736
-34.1896
-34.2054
-34.2213
-34.2372
-34.2531
-34.2688
-34.2847
-34.3004
-34.3161
-34.3319
-34.3476
-34.3634
-34.379
-34.3947
-34.4103
-34.426
-34.4416
-34.4572
-34.4727
-34.4882
-34.5038
-34.5194
-34.5348
-34.5503
-34.5658
-34.5812
-34.5966
-34.612
-34.6274
-34.6428
-34.6582
-34.6734
-34.6888
-34.704
-34.7194
-34.7346
-34.7499
